5.30063	111.113
6.50729	58.9636
6.63773	376.909
7.22943	16.6774
7.75667	332.714
8.14344	208.419
8.59375	197.683
12.8792	42.8174
12.88	42.8178
13.8524	314.755
13.8542	314.76
15.1661	135.071
15.9328	278.711
16.1108	49.5636
16.6013	65.1823
17.6813	232.267
19.1159	259.667
19.3168	185.231
19.5435	176.772
20.9423	301.655
21.3877	161.891
23.0674	392.751
23.2785	67.2932
23.5328	421.254
24.17	347.967
24.6423	87.8594
25.6818	207.798
26.0083	207.076
26.0511	113.288
26.0513	113.289
26.5664	311.118
27.411	335.444
27.4114	335.445
28.5817	203.866
28.582	203.866
30.2069	247.436
30.4249	63.0706
30.9628	358.395
32.8336	97.016
33.2395	13.2038
33.2399	13.2039
33.4924	133.519
34.0047	36.2815
34.4279	172.668
34.6056	36.8878
35.2439	65.9064
35.5942	375.757
37.3991	156.24
38.6041	73.3652
40.016	293.232
40.1066	279.53
41.3079	420.041
42.1533	241.246
42.1539	241.246
44.2078	395.795
45.2121	312.889
45.2127	312.889
45.6987	418.83
45.9167	288.382
46.4508	164.982
48.4919	295.036
48.5556	354.575
49.1535	56.0341
49.1797	66.4366
49.2104	56.1539
50.2711	169.563
50.832	47.8491
51.6725	37.9652
51.6759	37.9629
52.0949	199.209
53.1355	59.0666
53.3365	25.1659
54.6242	52.8718
54.9964	73.677
55.2572	17.0361
55.3536	100.411
55.3979	73.0508
55.9683	402.804
56.3852	35.4397
56.6802	261.672
57.019	8.06254
57.02	8.06255
57.0234	8.0577
57.0239	8.05868
57.3648	84.7129
58.2774	7.43037
58.3058	271.127
60.6987	318.999
61.7109	231.478
64.5134	83.3902
64.7874	376.54
64.7875	376.54
65.0773	79.198
65.1965	101.46
65.3949	14.1766
65.4863	141.346
66.0462	89.5609
66.2317	334.437
66.3003	334.453
66.627	212.853
67.0513	108.024
67.789	86.658
68.1375	304.468
68.1382	304.468
68.4247	30.1684
68.4423	22.0489
68.8173	301.391
69.0822	148.03
70.3659	240.967
71.035	83.6737
71.0353	83.6739
71.0883	97.1258
71.5146	130.232
72.5716	41.1211
73.1032	102.57
73.1064	102.572
73.3259	8.13895
73.6619	122.721
73.7937	175.44
73.9343	252.091
74.6458	387.658
75.0005	81.1611
75.7426	43.2865
75.7433	43.2872
75.8552	8.78783
76.3283	105.398
76.984	357.974
77.6081	58.6021
77.6082	58.6021
77.7125	4.41077
78.6633	407.519
78.6636	407.52
79.0501	69.6935
79.7233	69.8675
79.7241	69.8679
79.7907	27.9884
79.7914	27.989
80.2961	36.4479
80.3635	36.469
80.5391	42.5464
80.6638	84.0004
81.8832	103.042
82.1904	323.969
82.1953	14.4424
82.3827	189.736
82.3952	234.55
82.9048	369.254
82.9175	53.1756
82.9175	53.1758
82.9588	56.6035
84.7337	98.2465
84.9695	277.429
85.1181	60.3804
85.8742	350.315
86.4404	240.511
86.4407	240.511
86.6941	226.542
87.2931	106.416
87.6978	151.271
88.8241	368.19
89.2836	182.28
89.4869	240.807
89.4877	240.807
89.9735	395.188
90.2889	73.924
90.289	73.9248
90.7206	322.995
91.6464	52.4087
91.647	52.4093
92.2984	37.4349
92.4797	235.786
93.4306	328.552
93.4601	66.8839
94.4755	96.842
94.723	215.86
96.2596	15.6676
97.0478	72.4672
97.0479	72.4678
97.2876	82.4115
97.4395	276.251
98.4999	46.7548
99.3137	296.539
99.9547	78.1107
99.9554	78.1112
99.9553	78.1111
99.955	78.1107
100.599	235.928
100.77	82.7722
100.77	82.7727
100.791	247.967
101.069	246.688
101.205	202.545
102.19	89.485
102.383	89.0406
102.572	19.1297
103.298	410.493
103.928	9.58398
105.592	293.883
105.688	242.119
105.688	242.119
106.067	126.983
106.367	6.26789
106.558	67.1653
107.843	361.945
108.779	283.226
110.286	37.984
110.406	58.1146
110.748	87.9343
110.748	68.4356
110.766	27.3604
110.767	27.3611
111.075	198.56
111.236	86.9501
111.529	243.148
112.131	197.063
112.815	257.922
114.975	34.0689
114.975	34.0699
115.093	25.8075
115.696	107.043
115.701	74.5093
116.606	40.9909
116.718	40.7987
117.433	16.062
118.946	216.575
118.947	216.575
119.148	406.56
119.657	410.699
120.351	322.601
121.116	181.146
121.683	166.287
124.099	366.389
124.909	17.4815
125.1	17.536
125.282	5.03166
125.326	134.708
125.996	185.444
126.467	342.056
126.686	342.041
126.965	233.26
126.966	233.26
127.081	9.78964
127.91	215.125
127.983	30.8952
128.686	120.791
129.104	302.206
129.696	135.445
129.811	132.125
129.811	132.125
130.385	361.235
135.063	14.727
137.124	323.072
138.172	177.972
138.176	177.971
140.025	61.6837
140.162	261.422
140.655	415.771
140.655	415.772
141.303	395.426
141.825	96.8953
142.009	88.7036
142.01	88.704
142.059	271.621
142.396	80.478
142.426	80.4767
142.898	168.07
144.548	366.431
144.921	242.807
146.288	166.838
147.974	10.268
148.096	81.9453
148.945	69.6318
149.15	61.5323
149.276	103.126
149.677	191.336
150.93	281.988
151.081	362.065
151.136	92.7595
151.138	92.7723
151.187	85.6198
152.159	77.7902
152.16	77.7917
152.502	65.9764
152.598	170.319
152.916	17.5794
153.163	170.104
153.914	110.322
154.096	214.952
154.791	81.783
155.371	289.652
155.415	47.2518
156.387	84.9835
156.558	366.125
157.724	102.059
158.662	323.254
159.115	38.6102
159.115	38.6104
159.413	89.9517
159.806	20.7754
160.172	54.1307
160.173	54.1315
160.172	54.1311
160.173	54.1316
161.207	86.5647
161.521	65.6068
161.78	137.954
162.006	409.662
162.453	41.1637
162.721	10.8338
163.176	253.086
163.314	155.076
163.344	405.917
163.348	155.059
163.856	110.159
163.907	3.78685
164.076	240.086
164.3	342.049
164.346	95.681
164.353	99.8629
164.513	44.8416
164.946	49.9198
165.008	63.1856
165.113	258.101
165.848	15.1541
167.253	93.9578
167.819	365.636
168.373	141.122
168.385	141.092
168.415	405.667
168.482	68.3847
168.482	68.3849
168.482	68.3854
168.757	252.828
168.894	17.6697
169.177	39.6982
170.527	302.193
170.528	302.194
171.132	139.077
171.254	246.413
171.544	82.691
172.087	101.945
172.287	14.6707
172.403	211.14
172.412	179.118
172.413	179.119
172.847	361.045
173.159	200.265
173.962	87.1556
174.58	75.8837
174.691	328.153
174.714	409.218
174.718	66.8
175.086	90.9518
175.087	90.9524
176.01	50.4297
176.917	251.133
176.917	251.134
176.923	251.136
176.924	251.137
177.066	97.344
177.665	72.3277
177.665	72.328
178.163	10.5424
178.204	257.048
178.889	245.978
179.136	39.0947
179.137	39.0955
179.193	43.4477
179.327	62.688
179.339	35.6513
180.534	24.115
180.774	322.834
181.404	114.93
181.93	158.224
182.717	18.1436
182.773	18.1324
183.865	276.909
186.068	136.056
186.384	97.7073
186.524	52.9944
186.525	52.995
186.529	97.711
186.628	97.7341
186.674	53.0036
186.674	53.0042
187.326	65.4743
187.751	65.898
188.34	34.8951
188.454	70.2994
188.454	70.2998
188.46	70.2985
188.46	70.2986
188.679	49.125
188.977	59.0811
189.671	94.8037
190.668	252.742
191.044	24.9891
191.223	56.3869
191.224	56.3873
191.707	74.5967
191.838	276.978
191.954	31.0921
191.955	31.0921
192.091	175.786
192.193	41.7306
192.899	6.38386
193.474	64.7567
193.698	396.47
195.124	350.975
195.124	350.975
195.144	75.3621
195.164	98.5513
195.844	98.805
196.019	91.1785
196.208	20.9586
196.304	44.2022
196.763	38.1139
197.606	52.3757
197.733	59.0506
197.734	59.0513
199.228	342.63
199.301	152.145
200.205	24.7715
200.208	24.7695
200.227	422.829
200.289	242.094
200.421	254.233
200.421	254.234
201.551	193.338
201.95	63.0968
201.95	63.0972
201.954	48.0427
202.064	7.90112
202.81	15.4459
203.611	110.205
204.565	225.99
204.715	60.6629
205.183	378.094
206.069	312.707
206.145	65.9241
206.513	307.116
206.514	421.351
206.877	301.08
207.753	102.949
208.354	57.8279
208.494	82.7898
208.756	249.188
209.342	357.934
209.466	128.084
209.799	86.0102
209.847	7.12203
210.001	102.839
210.487	75.5904
210.499	52.8772
212.392	312.272
212.392	312.272
212.449	113.04
212.797	112.611
213.353	74.058
213.797	71.1756
213.925	331.66
214.077	130.39
214.077	130.391
214.621	284.873
214.622	284.873
214.664	284.442
214.665	284.443
215.209	56.0446
215.45	41.1803
216.525	51.993
216.538	65.274
216.538	65.275
216.672	64.1291
216.952	47.4763
216.994	154.581
217.025	154.574
217.24	59.981
217.24	59.981
217.614	100.221
217.759	81.0566
217.778	341.062
218.041	271.492
218.041	271.493
218.043	86.9641
218.044	86.9649
218.126	21.6409
218.883	401.215
218.888	260.375
220.417	13.3195
220.417	13.3196
221.126	292.864
221.414	25.3943
222.165	381.424
222.615	193.432
222.937	228.858
223.102	218.354
223.102	218.354
223.132	218.362
223.133	218.362
223.412	47.7167
223.671	163.21
224.288	70.5485
224.937	173.25
225.157	43.507
225.178	43.5204
225.507	184.969
225.53	99.6975
225.87	144.604
225.895	73.2814
226.782	76.4745
227.246	31.161
227.332	76.6239
227.332	76.6244
227.422	39.8782
227.89	155.372
228.124	51.5337
228.333	83.2062
228.734	30.8853
228.949	5.22697
229.076	8.40044
229.085	149.223
229.15	238.082
229.335	201.705
229.976	143.9
230.064	211.592
230.441	123.939
230.449	42.2767
230.538	220.613
230.928	24.0098
230.928	24.0097
231.153	10.8717
232.954	198.309
233.652	180.691
233.912	121.182
234.1	226.965
235.1	226.673
235.183	93.2335
235.183	93.234
235.904	73.4762
236.553	19.9564
237.439	307.547
237.44	307.547
237.898	19.6262
238.449	210.095
239.985	233.914
240.048	329.532
240.049	329.533
240.342	176.549
240.449	69.5778
240.675	359.607
240.765	274.764
241.608	300.863
241.778	148.883
241.779	148.884
242.063	371.574
242.684	215.774
242.684	215.774
242.803	258.543
242.803	258.544
242.836	391.001
242.836	391.001
242.96	258.511
243.532	407.955
244.855	68.9271
244.957	205.795
245.029	79.6815
245.055	92.7389
245.413	53.497
245.414	53.4977
245.754	39.5428
245.762	20.6377
246.198	69.9789
246.205	50.7543
246.205	50.7548
246.608	195
246.68	46.8697
246.725	198.918
246.725	46.9021
246.836	272.682
247.211	257.085
247.246	257.207
248.097	212.759
248.82	5.97651
248.975	73.5798
248.992	87.4636
249.159	55.3499
249.159	224.263
249.164	224.622
249.224	185.561
249.284	185.559
249.481	39.7445
249.481	39.745
249.506	188.434
249.507	188.434
249.807	76.7211
249.841	209.643
249.944	60.0021
250.225	232.606
250.226	232.601
250.476	84.2904
250.477	84.2912
250.613	153.11
250.613	153.111
250.613	153.111
250.614	153.111
250.796	67.4438
250.797	67.4441
251.16	168.503
251.792	57.6045
251.809	142.85
252.117	48.7103
252.364	228.414
252.9	22.0498
252.975	122.899
253.296	81.0929
253.714	46.2876
253.714	46.2877
253.976	277.86
254.233	15.6622
254.233	15.6624
254.759	91.0337
255.046	350.663
255.078	152.031
255.079	152.032
255.29	397.075
255.603	42.1485
256.1	74.1615
256.465	83.1353
256.825	319.714
257.017	370.164
257.046	285.432
257.097	25.7158
257.337	37.2068
257.953	200.044
258.946	57.3893
260.089	286.041
260.089	286.042
260.541	147.719
261.622	198.492
261.624	31.1092
261.624	31.1101
261.73	195.737
262.334	411.228
262.859	105.687
263.609	218.922
263.61	218.922
263.704	141.15
263.709	91.9775
263.791	76.067
263.901	101.178
263.938	141.169
263.975	50.926
264.057	40.8464
264.172	50.9178
264.761	20.7707
264.808	14.3041
265.068	145.761
265.759	151.271
267.101	336.05
267.102	336.051
267.216	148.596
267.599	383.565
267.6	383.566
269.246	262.821
269.247	262.822
269.397	300.809
269.398	300.81
270.322	114.128
270.322	114.128
271.443	398.813
272.409	145.925
273.13	231.425
273.131	231.425
273.894	59.1807
274.222	40.1493
275.153	180.305
275.565	95.6158
276.006	115.424
276.668	92.3531
276.69	175.809
277.123	211.849
277.239	341.033
277.24	341.033
277.76	281.045
278.063	21.8172
278.104	187.779
278.279	269.214
278.279	269.214
278.616	115.016
278.617	115.016
279.212	171.061
279.398	186.657
280.739	193.356
280.739	193.357
280.927	322.727
280.957	128.189
281.239	190.624
281.771	301.664
282.246	86.3913
282.246	86.3915
282.406	180.338
282.406	180.338
282.854	283.767
283.05	286.796
283.05	286.796
283.07	286.803
283.07	286.803
283.07	286.808
283.071	286.808
283.76	409.457
283.761	409.458
285.23	184.289
285.362	349.44
285.882	349.472
286.007	341.158
286.273	193.986
286.273	193.987
286.472	87.2214
286.845	97.8657
286.979	87.8105
287.226	80.3168
287.642	70.1919
287.735	60.6437
287.791	69.2526
287.792	69.2531
287.911	215.788
287.935	215.799
287.974	51.199
288.141	51.3506
288.263	303.789
288.264	303.79
288.295	234.301
288.296	234.301
288.371	39.0666
288.519	26.1934
288.525	26.3376
288.636	204.032
288.863	203.738
288.927	5.74277
290.032	322.792
290.552	84.6302
291.029	309.879
291.486	275.837
291.486	275.838
291.529	322.644
291.53	322.645
291.541	198.54
292.134	101.918
292.152	56.0452
292.482	42.9679
292.587	318.065
292.793	61.8249
292.918	49.3988
294.015	106.025
294.997	171.907
294.997	171.907
295.103	421.998
295.525	135.683
296.237	182.497
296.662	100.415
296.662	100.415
298.614	264.848
298.986	394.882
299.34	314.168
299.341	314.168
299.649	102.024
300.583	11.4885
301.311	163.583
301.466	288.121
302.026	369.511
302.027	369.511
302.184	49.8497
302.674	40.1056
303.535	280.755
303.536	280.756
304.43	301.82
304.43	301.82
305.206	190.145
305.206	190.145
305.21	30.6938
305.347	97.4936
305.447	205.51
306.124	233.345
306.125	233.346
306.282	233.347
306.283	233.347
306.389	233.364
306.39	233.365
306.39	179.74
306.405	53.6408
306.586	182.353
306.6	182.348
307.012	199.421
307.193	46.0386
307.245	194.792
307.972	410.278
308.41	27.958
308.933	23.2719
308.959	36.1216
309.026	35.8771
309.115	17.0079
309.146	17.0423
310.285	180.966
310.474	218.972
311.162	195.194
311.301	43.5726
311.439	6.96831
311.559	149.703
312.387	106.308
312.389	106.318
312.452	30.9649
313.544	71.4923
313.843	277.685
314.058	208.861
314.059	208.861
314.06	208.86
314.06	208.861
314.902	323.037
315.44	44.7598
315.921	61.2888
316.048	204.558
316.592	137.041
316.73	100.89
316.73	100.891
317.149	298.084
317.149	298.085
317.15	298.085
317.149	298.085
317.572	28.4851
318.21	63.2137
318.759	192.27
318.759	192.271
319.209	97.1657
319.931	369.039
321.238	336.61
321.504	78.152
321.516	78.1498
321.792	51.5668
322.463	360.784
322.683	248.174
322.683	248.172
322.692	56.9438
322.693	56.9439
322.832	56.9405
323.328	390.839
323.352	100.348
323.413	36.3962
323.491	189.115
323.805	65.7987
323.983	331.427
324.131	12.845
324.99	72.2256
326.573	333.671
326.831	346.558
326.994	346.392
327.012	353.169
327.092	353.124
327.149	146.446
327.224	146.439
327.359	175.737
327.36	175.738
328.182	175.424
328.183	175.424
328.239	75.3515
328.875	33.0267
328.894	403.501
330.454	99.8434
330.637	29.2976
330.927	185.333
331.305	287.732
331.305	287.732
331.667	386.164
333.618	105.305
333.854	245.323
333.854	245.323
334.73	81.1691
334.843	318.588
334.909	196.844
335.676	93.2033
335.973	26.5368
335.974	26.5371
335.974	280.97
335.975	280.971
336.084	346.874
336.084	346.874
336.626	62.5318
336.627	62.5325
336.627	62.5321
338.543	90.3141
338.937	153.873
338.937	153.873
339.154	322.73
339.51	78.0887
339.795	147.087
340.311	105.278
340.359	208.37
340.359	208.371
340.359	208.371
340.359	208.371
340.457	46.0004
340.471	45.9734
340.585	95.8513
340.585	95.8519
340.742	145.82
341.513	242.884
341.514	242.885
341.579	417.374
342.012	6.89454
342.354	110.61
343.281	246.177
343.634	19.519
344.408	127.914
344.447	127.933
344.609	33.5651
344.653	33.5674
344.942	177.573
344.942	177.574
344.96	181.32
345.605	189.66
346.667	194.029
347.627	184.673
347.627	184.673
347.996	48.3767
347.996	48.3767
348.125	58.223
350.061	28.9619
350.314	132.315
350.592	246.829
350.969	24.997
351.126	119.591
352.26	54.4132
352.744	60.6191
352.745	60.6224
353.091	90.9379
353.107	37.4741
353.921	52.6777
356.383	301.039
357.642	340.138
357.734	34.2558
357.958	231.285
357.958	231.286
357.959	231.285
357.958	231.285
357.974	226.431
358.166	89.0064
358.499	78.8605
359.547	38.5171
359.949	13.4749
360.153	416.051
360.153	416.051
360.16	177.849
360.208	41.4362
360.512	76.323
361.281	206.939
361.668	105.507
362.236	153.577
363.201	397.164
363.459	373.954
363.731	304.895
363.781	178.646
364.148	279.835
364.148	279.835
364.316	364.472
364.381	284.779
364.475	39.4801
364.876	171.874
365.038	108.288
365.237	79.8352
365.244	80.0056
365.385	89.4478
365.915	310.807
366.053	360.263
366.107	174.93
366.177	175.782
366.376	158.597
367.555	133.97
368.313	408.823
368.451	400.118
370.752	230.475
370.93	124.525
371.263	360.692
371.902	126.229
372.099	330.259
372.108	128.232
373.547	300.219
373.675	306.813
373.766	306.829
374.622	297.861
374.73	309.417
374.731	309.417
376.628	257.014
376.941	156.752
377.056	121.848
377.068	6.83599
377.191	29.5891
377.753	47.3797
378.125	79.2112
378.206	227.098
378.291	227.275
378.332	227.263
379.207	113.244
379.207	113.244
380.915	261.908
381.802	261.193
382	178.976
382.345	174.471
383.195	118.282
383.793	199.684
383.793	199.684
384.344	273.117
384.388	273.031
384.974	137.469
384.975	137.47
385.473	313.941
385.474	313.942
385.523	385.642
386.046	106.95
386.172	106.88
386.246	24.1374
386.89	121.986
388.021	42.0509
389.788	274.86
390.241	268.762
390.586	107.033
390.67	120.743
390.777	15.3097
390.795	268.358
391.09	93.8273
391.091	93.8278
391.132	51.7531
391.555	335.789
391.704	72.8635
391.705	72.8643
392.192	77.1204
392.212	162.44
392.494	14.4168
393.221	207.861
393.504	102.845
393.634	203.837
393.729	273.534
393.729	273.534
394.104	390.895
395.083	262.993
395.562	209.86
395.562	209.861
395.718	278.375
395.719	278.377
395.906	36.2467
395.907	36.247
395.935	426.05
395.935	426.05
396.18	205
396.308	85.6771
396.367	246.277
396.368	246.278
396.4	246.645
396.402	246.629
396.494	200.234
396.494	200.234
398.105	262.145
398.292	95.3932
398.363	192.546
398.364	192.547
398.482	88.1481
398.53	133.514
399.005	186.693
400.354	391.96
400.764	330.714
401.085	237.993
401.201	13.4572
402.105	227.29
402.108	55.6562
402.364	197.289
402.364	197.29
402.482	285.235
402.494	285.364
402.68	366.82
402.893	99.8354
402.97	273.241
403.283	278.847
404.304	129.813
404.325	129.824
404.389	326.498
405.702	249.304
405.823	82.0167
405.849	382.655
405.9	382.693
405.9	382.693
406.227	242.642
406.727	186.694
406.739	186.654
406.74	186.666
406.745	186.659
407.058	287.603
407.061	287.607
407.152	283.056
407.457	201.344
407.769	209.001
408.016	243.061
408.016	243.061
408.117	246.561
408.118	246.562
408.803	280.913
408.849	285.53
408.849	285.53
409.361	188.232
409.443	237.881
409.748	19.1189
410.395	191.526
410.683	104.935
411.678	129.738
411.903	204.518
412.152	169.993
412.161	219.34
412.296	241.394
412.942	188.284
413.89	392.909
413.915	72.1228
413.922	72.1106
413.925	191.122
413.934	219.128
414.024	27.0151
414.06	182.744
414.177	56.4183
414.193	56.4407
414.506	27.5147
414.506	27.5147
414.563	183.883
414.707	392.533
414.707	392.534
416.523	337.48
417.272	34.9488
417.943	178.418
418.379	51.3706
420.535	60.3865
420.722	305.482
420.723	305.483
420.955	343.083
421.229	287.082
421.598	268.837
421.643	40.9847
421.643	40.9847
421.912	172.52
422.603	268.193
422.708	77.1471
422.738	419.892
422.792	301.969
422.793	301.97
422.792	301.97
422.928	28.2599
423.363	89.8585
423.774	162.655
424.41	348.07
424.743	293.085
425.085	263.532
425.093	123.266
425.184	123.198
425.482	176.517
425.786	20.3957
426.141	165.329
426.148	165.332
426.15	165.324
426.159	165.452
426.165	165.443
426.291	17.0007
426.372	426.73
426.606	288.37
426.61	129.281
426.951	234.176
426.951	234.177
427.538	352.941
427.937	168.241
428.44	175.139
428.582	130.366
428.626	246.091
428.839	352.842
428.839	352.843
429.774	380.96
430.166	162.333
431.101	212.758
431.102	212.759
431.393	305.61
431.428	36.7823
431.429	36.7821
431.96	147.43
432.06	26.5199
432.937	63.0802
433.109	63.7765
434.176	276.847
434.498	146.607
434.717	120.147
434.717	120.148
435.185	276.044
435.186	276.045
435.197	276.036
435.198	276.036
435.605	336.736
435.697	296.877
435.808	156.808
435.905	265.37
436.114	117.746
436.114	117.747
436.362	148.635
436.363	148.635
436.393	152.746
436.799	257.268
437.004	68.2275
437.006	68.2273
437.177	308.269
437.177	308.269
437.481	308.538
437.483	308.54
439.521	292.972
439.521	292.973
439.521	292.973
439.521	292.972
442.539	378.341
442.539	378.342
442.72	271.551
443.053	188.267
443.737	281.349
444.473	129.626
444.782	251.196
444.783	251.197
444.784	123.116
444.801	39.9736
444.801	39.9746
444.831	251.247
444.831	251.248
444.889	237.078
444.89	237.079
445.044	261.342
445.336	105.237
445.337	105.238
445.436	375.046
445.999	385.984
446.217	406.931
446.69	321.824
446.691	321.825
446.739	386.519
446.943	313.835
446.948	126.65
446.959	397.524
447.311	365.309
447.382	381.241
447.991	225.413
447.991	225.412
448.953	318.106
449.349	268.285
449.591	267.63
449.664	64.3882
450.96	261.008
451.402	313.443
451.404	388.734
451.872	318.521
452.57	298.717
452.987	303.018
452.988	303.019
454.032	337.449
454.119	308.605
454.12	308.634
454.264	17.2057
454.532	233.799
454.728	203.627
454.769	203.707
454.958	324.089
455.255	300.423
455.41	61.8819
455.42	320.09
456.438	53.7266
456.496	213.575
456.55	188.948
457.181	41.2901
457.334	182.741
457.539	89.9724
457.54	89.9729
457.591	111.575
458.522	216.216
458.895	93.5026
459.613	189.599
459.613	189.6
459.671	173.994
459.872	183.934
460.349	183.55
460.349	183.55
460.955	113.218
461.239	287.758
461.339	44.5149
461.948	29.0192
462.352	173.705
462.43	80.9385
462.662	316.411
463.232	301.249
463.461	180.202
463.461	180.203
464.305	96.9532
464.982	191.934
465.552	95.0036
465.959	266.777
467.057	163.056
468.28	195.852
468.396	276.556
469.25	244.673
469.253	23.3526
469.377	113.649
469.377	113.65
470.592	115.872
470.593	115.872
471.393	408.782
471.892	227.09
471.923	164.763
471.966	209.032
472.407	56.8006
472.808	33.8818
472.829	44.1372
472.858	282.732
472.914	66.2682
473.028	385.276
473.085	44.1732
473.866	214.368
473.866	214.368
474.133	175.931
474.224	61.2403
474.292	96.4797
474.307	50.9697
474.332	51.0567
474.794	305.932
474.794	305.933
474.794	305.942
474.795	305.943
474.866	292.236
474.94	194.912
474.941	194.913
475.44	395.085
475.846	325.762
475.942	284.184
475.942	284.184
476.844	279.209
477.268	75.3324
478.099	271.824
478.473	35.748
478.485	345.944
478.986	173.073
479.105	289.72
479.105	289.72
479.442	298.112
479.442	298.113
479.75	274.998
479.75	274.998
480.024	279.872
480.033	165.566
480.04	165.646
480.069	85.4713
480.59	311.515
481.072	271.815
481.128	177.162
481.129	177.162
481.753	147.365
481.908	300.47
481.908	300.471
482.059	227.362
482.077	242.267
482.359	377.939
482.672	112.922
482.775	51.1579
482.815	8.50747
482.929	274.436
482.997	260.82
483.253	360.964
483.58	48.9085
483.994	160.174
484.028	271.691
484.029	271.692
484.117	316.582
484.534	32.0051
484.797	174.079
484.797	174.079
484.94	283.357
484.965	67.7889
484.965	300.154
484.966	300.155
485.719	166.506
486.026	276.463
486.045	237.557
486.051	276.467
486.08	276.517
486.121	260.14
486.121	260.141
486.144	149.656
486.362	260.096
486.419	259.979
486.449	127.555
486.537	230.793
486.756	34.5122
486.875	314.989
486.994	126.611
487.329	51.7187
487.343	288.631
487.343	288.63
487.425	153.072
487.426	153.072
487.586	239.996
487.637	206.711
487.637	206.712
487.699	206.388
487.699	206.388
487.864	141.874
487.864	141.875
487.945	141.702
487.946	141.702
488.233	301.638
488.415	184.988
488.533	279.274
488.534	279.274
488.673	41.7408
489.327	39.4004
489.686	315.364
489.686	315.364
489.687	315.365
489.686	315.365
489.686	315.364
489.686	315.365
489.862	176.436
490.767	9.29819
490.841	193.535
491.045	91.9273
491.094	68.0212
491.306	99.026
491.646	87.3056
491.687	416.334
491.705	259.911
492.283	144.082
492.442	311.894
492.523	22.0373
492.535	202.07
492.535	202.07
493.121	83.366
493.121	83.3662
493.491	208.014
493.564	250.875
494.091	34.078
494.732	150.403
494.751	268.691
494.751	268.692
495.232	333.619
496.119	47.7265
496.204	47.7227
496.266	265.427
496.321	26.2449
497.088	252.691
497.088	252.691
497.153	164.838
497.403	137.698
497.565	310.831
498.005	115.203
498.123	228.893
498.375	216.485
498.978	262.248
500.077	149.631
500.305	273.036
500.608	42.6119
500.923	80.616
501.006	356.629
501.032	156.482
501.758	52.871
501.877	223.66
501.895	151.351
502.144	341.106
502.673	16.9576
502.697	97.4015
502.843	171.432
503.031	39.4647
503.031	39.4653
503.265	66.1288
503.509	236.375
503.637	367.892
503.993	170.11
504.037	264.244
504.037	264.245
504.195	281.898
504.399	83.5837
504.699	89.8546
504.703	103.297
504.773	324.374
504.943	96.1262
505.345	144.879
505.346	144.879
505.931	405.378
506.213	278.739
506.213	278.74
506.273	224.014
506.341	278.838
506.349	400.549
506.35	400.549
506.738	266.075
507.002	28.3652
508.407	259.336
508.547	31.9138
508.803	253.361
508.803	253.361
509.056	241.397
509.057	241.397
509.779	88.2827
509.821	239.131
510.159	244.292
510.875	387.845
510.876	387.845
511.122	277.915
511.536	251.193
511.536	251.193
512.156	338.814
513.003	97.2203
513.593	130.874
513.619	245.047
513.619	245.047
513.994	44.4816
514.227	306.184
514.235	306.185
514.509	18.6699
514.819	332.624
515.115	87.2999
515.144	226.796
515.154	45.2336
515.477	200.909
515.78	186.009
516.146	172.065
516.147	172.068
516.271	357.519
516.272	357.52
516.405	369.627
516.419	193.965
516.484	88.2771
516.945	350.478
517.819	237.515
517.983	354.665
517.984	354.666
518.065	54.5957
518.069	54.5885
518.571	198.275
518.572	198.275
518.654	63.8615
518.742	15.787
518.743	15.787
519.223	132.861
519.233	132.854
519.266	49.3049
519.391	81.7331
519.425	81.7446
519.632	189.514
520.396	157.207
520.7	104.681
521.109	201.089
521.874	293.254
522.374	299.014
522.46	238.889
522.504	352.96
523.021	115.561
523.035	115.591
523.172	215.455
523.71	226.549
523.759	352.14
523.797	28.0589
524.197	45.7608
524.197	45.7613
524.403	198.718
524.775	183.078
524.775	183.079
525.12	242.332
525.351	341.046
525.352	341.046
525.919	251.758
525.97	154.264
526.328	32.4368
526.661	88.3193
526.703	69.664
526.851	237.06
526.895	244.957
526.896	244.957
527.049	244.77
527.049	244.77
527.049	244.772
527.05	244.773
527.127	15.9958
527.371	98.5501
527.705	148.074
527.903	120.483
527.903	120.483
528.042	288.353
528.058	131.983
528.929	24.1499
529.293	20.0647
529.293	20.0653
529.294	20.0647
529.294	20.065
529.344	135.972
529.47	211.427
529.471	211.428
529.561	195.598
529.722	343.125
529.828	165.112
529.828	165.112
529.917	351.572
529.931	351.596
530.385	116.25
530.386	116.25
530.521	34.2551
530.66	142.862
530.688	142.813
530.706	135.582
531.029	124.252
531.414	177.518
531.415	177.519
531.465	147.877
531.469	41.4085
532.273	290.236
532.421	292.995
532.48	229.793
532.621	239.53
532.634	103.053
532.635	103.054
532.634	103.053
532.635	103.054
532.858	370.319
533.798	135.468
533.884	50.3837
533.897	405.641
533.897	405.642
534.004	172.651
534.063	111.346
534.075	396.6
534.076	396.6
534.096	63.8752
534.119	55.116
534.224	250.921
535.212	240.411
535.301	89.6537
535.953	406.458
536.441	228.982
536.442	228.982
536.824	334.359
536.848	334.386
537.168	398.063
537.313	143.157
537.589	75.1732
537.909	112.974
538.374	286.14
538.417	31.5835
538.993	129.353
539.067	411.231
539.156	237.678
539.157	237.679
539.454	276.691
539.47	276.703
540.047	45.8742
540.107	384.751
540.268	371.564
540.508	252.313
540.578	49.9634
540.629	49.9379
540.633	113.212
540.633	113.213
540.749	42.8213
540.797	139.063
541.235	120.741
541.517	28.9478
541.53	102.315
542.002	320.342
542.003	320.342
542.109	240.085
542.552	269.158
543.545	279.386
544.191	191.926
544.202	191.952
545.622	291.063
546.04	40.0802
546.24	124.084
546.688	364.303
546.792	45.2884
546.834	235.076
546.852	378.235
546.966	45.3174
547.071	45.2835
547.175	221.718
547.31	188.81
547.349	175.792
547.441	41.8833
547.469	58.3375
547.723	58.5322
547.803	255.442
548.028	255.972
548.029	255.973
548.967	122.565
549.444	129.114
550.128	234.342
550.207	112.462
550.545	113.377
550.782	110.888
550.783	110.888
551.236	95.273
551.365	130.8
551.83	191.873
551.874	170.469
551.916	229.82
552.046	46.8704
552.232	125.524
553.119	235.724
553.167	224.91
553.251	126.156
553.255	126.176
554.006	163.694
554.006	163.694
554.006	163.694
554.006	163.694
554.032	18.3686
554.032	18.3692
554.091	52.7077
554.116	156.947
554.278	115.535
555.099	55.826
555.336	170.312
555.337	170.313
555.483	72.0217
555.483	72.0225
556.081	190.062
556.161	166.578
556.171	159.625
556.226	121.943
556.482	77.6303
556.482	77.6303
557.103	414.72
557.415	153.77
558.132	286.001
558.771	135.837
558.772	135.838
559.011	213.318
559.511	274.123
560.254	390.013
560.672	237.484
560.987	127.492
561.207	390.343
561.297	59.5224
561.362	173.081
561.435	51.3556
561.463	48.1439
561.685	214.441
561.847	111.877
561.866	161.487
561.866	161.487
562.035	30.164
562.177	215.099
562.633	206.883
562.634	206.884
563.179	132.221
563.25	345.621
563.251	345.622
564.13	248.173
564.384	240.894
564.881	143.287
565.081	83.4448
565.082	83.4457
565.276	89.9067
565.276	89.907
565.563	343.531
566.008	319.29
566.404	303.373
566.651	57.596
567.858	118.455
567.915	394.84
568.168	121.763
568.553	401.404
568.766	205.407
569.532	8.5306
570.41	317.333
570.768	351.462
573.496	153.925
573.577	14.2027
573.591	41.6843
573.87	314.959
574.074	337.41
574.101	56.9237
574.196	129.161
574.42	228.878
574.446	203.54
574.688	277.835
574.903	152.253
575.422	18.5594
575.423	18.5595
575.467	150.448
575.827	205.042
576.002	322.206
576.094	139.783
576.616	251.823
576.621	251.821
577.079	63.7058
577.567	54.6868
577.567	54.687
577.699	320.035
578.437	58.7632
580.161	210.965
580.272	136.093
580.28	136.096
580.578	122.988
580.646	113.921
580.769	122.815
580.986	22.6364
580.986	22.6372
581.007	311.737
581.033	327.484
581.716	76.2332
582.037	177.021
582.066	323.95
582.205	338.859
582.252	18.6017
582.282	223.324
582.36	338.924
582.787	38.7341
582.787	38.7351
583.099	14.5703
583.415	204.798
583.44	408.375
583.786	109.943
584.751	7.29017
584.751	7.29116
584.807	83.8137
584.828	71.9133
584.828	71.9133
584.829	71.914
585.375	327.156
585.473	88.7937
585.474	88.7942
585.55	190.331
585.595	139.904
585.716	88.8326
585.717	88.8328
585.766	190.834
585.792	88.7275
585.907	42.4325
586.1	42.4526
586.133	264.457
586.278	109.163
586.4	120.174
586.454	21.7019
586.688	306.156
587.05	258.344
587.121	229.835
587.225	52.7654
587.263	230.301
587.741	93.2608
588.046	158.418
588.189	77.2701
588.924	335.236
588.937	159.652
589.048	18.262
589.049	18.2615
589.088	25.2513
589.271	38.074
589.283	38.0847
589.504	335.956
589.515	55.8309
589.515	55.8308
589.614	29.7891
589.733	275.575
589.736	275.578
589.755	336.31
589.849	50.2787
589.865	45.3075
590.316	151.164
591.224	80.6052
591.224	80.606
591.441	67.4032
591.829	71.6188
592.213	398.194
592.626	135.852
593.478	316.353
593.697	113.667
594.033	173.319
594.619	212.801
595.058	183.118
595.751	188.154
595.76	188.16
596.045	205.015
596.601	412.369
599.07	302.634
600.982	327.77
600.983	327.77
601.683	354.584
601.684	354.585
601.981	6.24971
601.989	344.919
602.128	158.912
602.519	371.186
603.187	325.576
603.763	146.04
604.589	262.171
604.92	282.647
604.921	282.647
605.26	127.712
605.482	98.6509
605.502	126.733
605.511	82.5499
605.666	262.497
605.707	126.801
605.832	127.414
606.002	60.9251
606.83	61.301
607.24	360.492
607.554	239.821
607.708	306.693
608.242	338.954
608.413	205.342
609.043	214.486
609.127	188.518
609.385	181.71
609.386	181.711
609.561	337.926
609.587	153.602
610.106	418.639
610.232	30.5638
610.968	10.3368
611.039	362.982
612.261	196.009
612.811	134.964
612.939	23.0033
613.021	273.598
613.055	273.631
613.257	23.05
613.344	312.216
613.41	4.11
613.499	124.125
613.571	54.8573
614.094	303.949
614.421	37.9108
615.445	8.69784
616.468	126.301
617.17	20.3526
617.654	363.067
617.662	17.0145
617.663	17.0153
617.788	362.884
618.024	155.292
618.025	155.292
618.93	184.798
618.979	331.063
619.008	140.347
619.01	140.293
619.245	371.238
621.235	318.54
621.242	257.774
621.992	316.833
622.098	290.689
622.386	123.892
623.085	389.807
623.821	54.873
624.969	6.87457
624.984	16.587
625.2	136.15
626.279	323.141
626.6	186.228
626.784	187.406
627.114	372.601
628.62	12.0518
628.62	12.0527
628.934	15.927
629.762	345.587
630.203	52.9432
630.204	52.9436
630.388	336.405
630.619	23.4676
631.699	160.713
631.699	160.714
632.79	126.858
634.398	17.2898
634.476	270.483
634.696	6.84671
634.696	6.84691
635.273	13.1649
635.274	13.1649
635.274	13.1658
635.274	13.1649
637.111	413.519
638.32	52.9599
638.32	52.9603
638.321	52.9604
638.321	52.9605
638.61	29.4761
638.738	20.0383
639.089	106.08
639.103	106.081
640.287	139.945
640.554	17.3397
640.59	69.4358
640.605	408.482
640.983	161.52
641.592	403.831
641.686	11.7119
641.687	11.7121
641.747	377.329
643.036	5.41023
643.072	382.31
643.119	349.04
643.848	240.49
644.015	240.638
644.826	388.363
644.834	388.516
645.758	52.6969
646.438	277.685
646.62	225.435
646.626	225.48
646.708	302.676
647.158	235.549
647.24	245.502
647.24	245.502
647.257	303.137
647.632	6.2984
647.735	390.307
648.33	20.6573
648.33	20.6576
649.946	392.021
649.946	392.022
653.406	19.3242
653.562	3.86061
654.523	385.498
654.548	313.803
654.549	89.2395
654.818	72.0442
654.821	72.1061
654.845	384.931
654.845	384.931
654.883	405.757
655.387	399.702
655.388	399.703
656.42	119.309
656.671	355.449
657.708	350.702
657.743	121.095
658.634	162.184
658.687	7.30057
659.017	404.401
659.217	15.0439
659.218	15.0451
659.271	179.062
659.334	25.8686
659.741	187.419
660.349	111.314
660.367	111.245
661.141	127.096
661.224	23.3477
661.946	259.381
662.518	390.658
662.519	390.659
664.31	408.804
664.682	7.72985
665.679	68.2248
665.754	346.325
665.773	346.057
665.884	306.604
666.015	308.058
666.315	388.241
666.996	52.6575
667.195	207.653
667.912	10.9388
668.267	176.813
668.297	160.912
668.602	379.928
669.349	88.9311
669.48	373.056
670.715	76.7215
670.929	84.1175
671.138	17.7
672.193	137.912
672.355	68.8558
672.355	68.5304
672.377	203.946
672.916	91.0219
673.009	386.514
673.183	152.697
673.183	152.697
673.417	96.4087
673.607	58.9839
673.64	348.661
674.085	9.14961
675.601	399.043
675.923	50.3085
676.806	206.308
677.025	252.531
677.169	4.39481
677.336	424.309
677.337	424.31
678.173	116.585
678.82	21.9137
679.171	388.874
679.525	16.9599
679.526	16.96
680.178	169.23
680.628	102.56
680.651	102.614
680.942	374.093
680.942	374.094
681.272	154.022
681.644	27.0257
681.654	26.833
682.611	388.733
682.612	388.734
683.922	80.7034
684.142	63.8461
684.187	196.873
684.293	196.851
684.549	165.416
685.41	380.552
685.468	266.579
685.784	91.1185
686.052	228.232
686.111	191.932
686.578	129.143
686.725	390.948
686.735	6.22763
686.944	92.0504
687.024	55.9222
687.025	55.9225
687.044	368.515
687.256	75.437
687.663	56.0458
688.336	24.3545
688.737	376.179
688.761	376.132
689.022	345.434
689.434	288.875
690.043	381.696
690.058	11.3594
691.448	189.922
691.448	189.923
692.296	66.6105
693.04	71.5259
693.137	382.594
693.223	179.38
693.522	374.969
693.956	165.623
694.111	13.4692
694.173	30.9827
694.221	30.9267
694.993	392.607
695.204	390.937
695.318	135.558
696.028	166.367
696.028	166.368
696.149	382.801
696.32	167.675
696.424	99.0991
696.424	99.1
696.475	79.8092
697.071	92.9515
697.184	6.68601
697.418	219.486
697.69	242.106
697.767	117.08
698.085	83.4453
698.69	18.1553
698.691	18.156
698.699	18.1563
698.7	18.1566
698.907	27.4391
699.061	365.869
699.677	369.847
699.798	173.03
699.81	141.31
699.899	380.289
699.899	380.29
699.936	385.786
700.297	172.687
700.298	172.687
701.312	316.004
701.769	107.348
702.108	389.07
702.133	211.98
702.133	211.981
702.714	145.54
702.915	377.961
703.564	68.8266
703.785	265.62
703.886	265.731
704.186	31.7935
704.362	23.3513
705.636	23.5051
706.443	426.549
706.638	127.878
706.817	427.058
706.866	127.631
706.907	127.826
707	172.782
707.669	284.811
707.725	378.657
707.726	378.661
707.786	86.7436
707.787	86.7442
707.842	7.75205
708.171	173.023
708.592	348.013
708.593	348.013
708.802	229.801
709.056	13.5676
711.707	387.536
712.31	383.838
712.42	265.78
712.491	345.416
712.886	83.1747
712.887	83.1751
713.218	28.5326
713.286	168.47
713.923	16.3554
715.548	119.78
715.742	369.201
715.766	32.7094
715.945	21.7877
715.945	21.7887
716.067	33.4561
716.09	83.3154
716.182	299.656
717.476	187.881
717.6	96.6152
717.6	96.6159
719.74	387.325
720.356	414.885
720.357	414.885
721.041	17.313
721.596	27.6743
721.932	108.478
722.391	108.382
723.037	321.519
723.192	122.203
723.808	283.685
725.266	31.587
725.722	361.964
725.926	371.868
725.985	245.371
726.146	162.887
726.293	58.7325
726.419	58.727
726.777	163.095
727.14	211.439
727.766	10.3213
728.034	359.149
728.36	10.5394
728.414	129.62
728.468	95.7193
729.001	109.99
729.116	109.986
729.254	90.1791
730.058	361.093
730.105	129.929
730.111	4.95831
730.112	4.95876
730.367	157.762
730.389	157.752
731.082	102.255
731.082	102.255
732.113	22.5881
732.29	179.822
732.291	179.823
732.615	326.861
732.922	135.899
733.046	177.939
733.415	354.488
733.686	268.116
733.935	120.748
734.192	152.643
734.248	374.052
734.25	374.051
734.251	374.051
734.291	420.087
734.299	420.088
734.415	177.133
734.415	177.134
734.415	177.134
734.843	11.316
734.866	165.198
734.971	35.148
734.987	35.1538
735.044	30.8638
735.625	293.394
736.008	356.545
736.009	356.546
736.009	356.545
736.009	356.545
736.913	309.62
737.596	214.441
738.674	358.494
739.438	109.201
740.286	151.953
741.022	167.882
741.058	17.1037
741.058	17.1039
741.058	17.1045
741.333	359.435
741.449	219.635
741.502	128.861
741.932	376.513
742.325	79.7234
742.515	180.68
742.802	376.806
743.079	21.0543
743.157	231.893
743.336	156.615
743.566	85.4132
743.58	85.4246
744.405	255.896
744.445	233.319
744.491	192.1
744.772	401.178
744.825	13.3116
744.826	13.3125
744.869	118.202
745.608	28.3681
746.922	146.526
747.381	21.1431
747.77	124.011
747.771	124.011
747.946	359.069
748.3	355.154
748.744	354.894
749.036	82.2791
749.183	74.0293
749.328	188.18
749.838	348.988
750.458	16.528
750.489	25.8877
750.509	16.6622
750.569	222.783
750.676	94.9648
750.914	91.0936
751.29	396.819
751.315	185.582
751.315	185.582
751.472	267.447
751.852	290.389
752.411	36.2137
752.599	13.5383
752.921	375.205
753.282	314.776
753.417	233.506
753.554	62.3441
753.554	62.3443
754.262	169.378
754.332	31.8157
754.368	23.207
754.789	172.293
754.789	172.294
756.827	21.3945
756.828	21.3949
757.112	148.942
757.137	148.974
757.251	131.698
757.457	348.14
757.709	92.4287
758.454	15.7234
758.894	140.889
759.112	97.8169
760.026	419.76
760.026	419.761
760.099	63.8417
760.174	75.4172
760.784	227.956
760.892	227.997
760.958	342.372
760.959	342.372
761.922	248.071
763.203	20.2988
763.207	20.2989
763.557	129.815
763.558	129.815
764.329	247.752
764.527	142.586
764.528	142.587
764.901	37.1601
765.672	169.271
766.536	347.43
766.619	241.907
766.769	205.436
767.054	226.815
767.548	10.8756
768.068	373.525
768.476	23.0039
769.747	116.897
769.968	19.0364
770.522	140.128
770.791	146.444
771.446	71.1318
771.582	342.146
772.073	352.096
772.347	96.745
772.479	96.8215
772.614	419.596
772.615	419.597
773.919	407.146
774.157	346.473
774.164	136.167
774.42	141.141
774.421	141.141
774.547	16.0586
774.821	31.9283
775.574	231.543
777.4	255.134
777.425	255.133
777.521	11.2595
777.521	11.2599
777.689	277.468
778.077	360.262
778.44	47.6899
778.784	91.6672
778.875	27.8792
779.129	28.1567
779.228	121.996
779.781	21.5034
779.802	368.724
779.807	21.5388
782.152	26.0268
782.212	347.311
782.252	38.5152
782.927	31.5654
783.714	355.933
784.145	8.22251
784.332	325.17
785.211	286.882
785.212	17.1546
785.212	17.1551
785.568	286.81
786.492	47.7394
786.997	27.1525
787.156	66.6019
787.156	66.6021
787.159	66.5946
787.16	66.5952
787.452	66.5872
787.452	66.5875
787.456	66.594
787.457	66.5942
787.47	119.468
788.152	134.079
788.153	134.08
788.263	60.9191
788.388	259.273
788.388	259.273
788.646	242.291
788.779	100.027
789.675	222.067
789.738	282.5
789.739	282.5
789.738	282.501
789.904	282.383
789.946	99.9759
789.961	262.254
790.084	349.58
790.102	13.8446
790.102	13.8452
790.326	348.988
791.723	86.6546
792.038	109.123
792.143	129.509
792.144	129.509
792.596	9.50101
792.596	9.50138
792.916	334.717
793.358	234.553
793.562	57.5164
794.319	3.5266
794.833	29.2321
795.361	17.5372
795.361	17.5372
797.406	338.256
797.655	24.0113
798.404	224.933
798.818	43.4052
798.946	13.1848
798.947	13.1856
799.043	190.337
799.088	367.606
799.187	13.3558
799.205	291.752
799.219	150.008
799.23	221.004
799.239	150.01
799.333	420.442
800.429	39.7253
800.606	39.7983
800.637	216.444
800.751	116.861
801.008	134.324
801.109	365.69
801.836	34.1524
802.554	339.618
802.578	16.6383
802.988	78.1431
803.003	11.6927
803.034	78.1748
803.276	142.879
803.276	142.879
803.974	138.853
804.117	391.372
804.274	25.4375
804.845	47.7989
805.104	348.642
806.037	74.4299
806.077	348.297
806.115	20.2046
806.471	326.848
806.641	175.952
806.861	121.501
806.934	46.3424
807.045	175.859
807.073	121.545
807.244	175.871
807.554	243.63
807.853	153.463
807.887	329.461
808.804	23.2769
808.884	226.028
808.884	226.029
809.169	116.855
809.337	226.104
809.338	226.105
809.471	9.25284
809.529	9.39923
809.529	9.39979
810.796	20.5102
811.279	163.844
811.279	163.843
812.425	199.153
812.426	199.153
812.481	321.196
812.481	321.196
812.608	91.5753
812.668	49.8627
813.475	20.9422
813.527	5.52716
814.97	61.4292
814.97	61.4294
815.353	13.3139
815.707	255.973
815.772	385.401
816.87	73.3297
817.781	179.03
817.781	179.03
817.808	89.0254
818.089	299.534
818.09	299.536
818.859	24.5404
819.865	309.373
820.184	395.91
820.291	32.9607
821.013	307.804
821.712	31.9164
821.911	31.9938
821.931	36.3179
822.325	374.898
823.333	141.588
823.978	20.7489
823.996	248.96
824.064	24.6827
824.828	408.871
825.512	242.113
825.714	81.3934
825.758	10.1114
826.35	45.3756
826.403	127.511
826.423	134.479
826.516	286.588
826.618	127.617
826.619	127.618
826.631	127.616
826.632	127.617
827.462	227.064
827.533	296.144
827.708	90.4812
828.006	27.7206
828.209	132.787
828.526	17.4332
828.527	17.4339
828.558	120.513
829.716	14.1193
829.939	288.159
830.704	260.256
830.934	124.723
831.384	410.521
831.385	410.522
831.83	25.4466
831.83	25.4468
831.908	66.5104
833.475	254.019
833.475	254.019
833.678	120.881
834.002	21.2175
834.124	378.705
834.124	378.706
834.482	31.7082
835.015	335.14
835.607	31.1976
835.626	76.235
835.641	69.4286
835.68	76.2417
835.683	31.1963
835.823	393.135
835.905	7.76868
837.117	360.819
837.628	96.1908
837.628	96.1907
838.229	307.051
838.583	131.828
839.593	8.45875
839.758	288.407
842.234	346.164
842.614	226.82
842.748	418.207
842.874	375.72
842.931	247.031
843.907	271.732
844.096	18.012
844.123	377.638
844.123	377.638
844.16	185.054
844.205	185.251
844.21	23.258
846.112	136.319
846.387	30.9703
846.655	8.66016
846.78	158.207
846.832	20.7581
846.833	20.7582
847.112	56.9958
847.125	292.267
847.406	241.76
847.717	13.7782
848.179	391.145
848.219	28.9264
849.281	77.239
849.971	22.2197
850.372	22.2053
853.093	113.254
853.332	240.363
853.399	134.259
854.915	324.322
855.358	275.719
856.28	152.176
856.28	152.177
856.284	152.189
856.284	152.189
856.978	296.029
856.981	296.028
857.012	46.6317
857.466	70.7693
857.476	377.282
857.791	369.62
858.084	369.435
858.488	291.339
859.021	187.546
859.021	187.547
859.256	186.872
859.295	421.765
859.324	267.971
860.894	267.24
861.04	300.86
861.054	11.2313
861.151	392.799
861.151	392.8
861.608	94.5485
861.612	255.254
861.672	255.249
861.956	136.633
861.956	136.633
862.226	166.175
862.418	71.0419
862.453	123.523
863.632	211.946
863.633	211.947
863.662	94.1612
863.963	94.1369
864.688	105.962
865.546	357.204
865.991	356.912
866.275	409.483
866.339	290.901
866.507	355.838
866.972	345.085
867.227	300.96
867.785	312.943
868.135	26.2088
868.485	217.533
869.871	126.027
869.946	386.077
869.947	386.078
870.115	399.013
870.223	243.974
870.781	87.1891
870.911	408.389
870.911	408.389
870.96	39.6481
871.549	382.922
872.111	86.0487
872.241	251.716
873.039	139.286
873.805	172.542
873.865	133.17
873.865	133.172
874.077	295.693
874.077	295.694
874.094	295.693
874.095	295.693
874.241	21.9085
874.243	21.9109
874.947	336.011
874.948	336.011
874.948	336.012
874.948	336.011
875.043	145.151
875.116	30.3988
875.135	61.4333
875.313	144.222
875.448	285.831
876.498	126.811
877.084	197.127
877.247	310.051
877.736	177.87
877.919	170.013
877.985	117.585
878.655	339.403
878.747	40.8938
878.765	40.9247
878.926	276.97
879.055	276.979
879.098	18.0412
879.099	18.0422
879.607	150.201
880.163	299.259
880.183	157.938
880.183	157.938
880.587	54.6586
880.59	54.6567
881.456	35.6418
881.48	166.866
882.022	138.056
882.146	215.212
882.155	215.225
882.4	232.863
882.93	68.7465
883.409	183.124
883.415	163.858
884.268	81.932
884.876	225.509
885.741	238.042
885.988	237.444
886.182	364.843
886.221	221.462
886.418	109.405
886.696	21.6199
887.07	232.355
887.071	232.356
887.259	236.114
887.742	172.137
887.743	172.137
888.252	21.0777
888.252	21.078
888.796	293.427
888.864	161.443
890.169	204.365
890.883	181.057
891.32	158.908
891.329	176.84
891.329	176.84
891.342	163.931
891.398	288.827
891.925	203.565
892.125	391.357
892.764	252.359
892.765	252.36
892.767	209.857
892.858	155.943
892.858	155.943
892.872	146.85
893.162	57.1058
893.384	272.511
893.74	382.968
894.16	193.127
894.386	382.608
894.486	193.047
894.584	141.157
894.922	70.5838
894.973	96.3355
894.993	217.061
895.054	99.3541
895.065	193.034
895.173	8.30147
895.175	8.30423
895.492	29.8624
896.026	341.34
896.053	341.355
896.084	419.851
896.457	202.306
896.517	32.9726
897.032	347.887
897.76	152.679
897.764	152.681
898.122	11.8516
898.288	288.427
898.289	288.427
899.556	188.791
899.745	90.7282
900.223	172.251
900.913	67.186
900.913	67.1863
901.009	184.918
901.865	319.728
903.075	114.858
903.532	215.225
905.255	321.962
905.265	146.961
905.573	50.8334
905.63	50.858
905.675	47.8579
905.963	50.8228
906.651	119.42
906.941	27.4893
907.393	44.5224
907.874	202.928
907.902	98.1697
908.281	382.222
908.354	71.9596
909.064	55.2792
909.388	325.065
909.778	72.1524
911.506	84.5082
911.507	84.5086
912.269	171.513
912.714	244.345
912.715	244.345
912.884	163.877
913.245	193.7
914.525	254.905
915.079	352.051
915.135	158.55
915.135	158.55
915.483	129.551
916.717	292.017
917.948	182.063
918.439	207.139
919.179	319.125
919.531	196.108
919.56	196.279
920.089	189.33
920.107	162.693
920.629	272.293
920.641	330.664
920.837	189.406
920.837	189.407
920.919	413.87
921.912	94.3086
922.009	94.3067
922.892	211.077
922.916	211.106
923.242	225.595
923.266	178.277
923.386	332.817
923.387	332.818
924.101	13.155
924.102	13.1555
924.105	42.4972
924.156	15.8289
924.229	390.808
924.75	199.785
925.169	8.75812
925.169	8.75886
925.473	400.512
925.491	166.121
925.491	166.122
925.498	31.5658
925.507	31.578
926.019	167.559
926.334	29.0314
926.538	164.344
926.541	309.702
926.542	309.703
926.636	314.606
927.125	97.1701
927.608	207.38
927.653	109.035
928.02	60.9017
928.144	414.349
928.208	313.33
928.442	184.535
928.654	219.93
929.002	138.213
929.586	317.844
929.625	317.794
930.016	121.436
930.139	367.792
930.715	11.4026
930.745	225.589
930.873	60.3465
930.959	76.9796
931.694	35.31
931.704	16.8654
932.556	71.56
932.557	71.56
932.627	125.187
932.952	125.359
933.22	147.021
933.268	253.654
933.33	271.823
934.075	188.208
934.089	357.528
934.09	188.221
934.101	319.654
934.135	54.647
934.752	293.011
934.955	150.489
936.103	43.3392
936.103	43.3394
936.214	67.309
936.774	67.1455
936.774	67.1457
937.247	181.515
937.437	361.464
937.496	48.9228
937.768	16.6673
937.777	28.0797
937.893	35.9665
938.094	135.461
940.444	32.5377
940.444	32.5381
940.444	32.5384
940.444	32.5384
940.611	184.15
940.816	339.233
940.816	339.234
941.593	40.0224
942.89	171.347
942.89	171.347
942.924	223.243
942.925	223.244
942.936	223.242
942.936	223.242
943.192	207.345
943.387	9.77699
943.388	9.7776
943.388	9.77704
943.388	9.77745
943.954	48.4488
943.989	67.1155
944.1	144.419
944.275	5.81059
944.733	108.865
945.13	28.1773
945.23	201.714
945.23	201.715
945.23	201.715
945.974	41.955
946.331	227.225
946.347	219.006
946.487	219.656
947.917	33.9161
948.623	67.0423
948.861	156.38
949.027	16.1544
949.783	27.2401
950.012	27.6496
950.036	67.174
950.513	13.9871
951.192	139.442
951.206	139.454
951.486	414.138
952.269	239.15
952.517	123.978
952.74	292.127
953.069	161.725
953.07	161.725
953.942	147.675
954.085	325.4
954.085	325.401
954.085	325.401
954.145	306.61
954.996	99.1136
956.035	118.858
956.208	136.481
956.231	36.2813
956.482	178.994
956.715	215.364
960.622	14.4338
960.622	14.4344
961.071	372.118
961.072	372.119
961.161	242.72
962.826	363.147
963.027	386.946
963.833	65.2651
964.954	248.311
964.955	248.31
964.963	8.93838
965.157	8.8803
965.231	72.5731
965.4	8.9795
965.539	72.6332
966.056	190.652
966.067	180.694
966.359	88.9617
966.375	237.964
966.882	280.906
966.964	105.165
967.417	225.119
967.417	225.119
967.577	352.629
967.617	23.2201
967.958	379.153
968.076	127.159
968.231	399.913
968.584	107.556
968.83	123.598
969.615	54.0408
969.847	287.168
970.088	58.5212
970.089	58.521
970.834	119.769
970.835	119.77
970.931	289.076
971.781	31.9741
972.981	145.129
973.163	168.332
973.221	261.398
973.44	91.783
974.148	102.035
974.508	21.0551
974.526	150.644
974.529	150.648
974.688	281.422
974.689	281.422
974.804	412.127
974.909	63.9131
975.314	28.4778
975.341	28.6895
975.341	28.6902
975.344	73.2336
975.423	282.309
976.018	84.4643
976.027	242.285
976.147	84.2428
976.182	163.127
976.42	175.419
976.851	195.926
977.535	252.178
977.536	252.179
978.181	148.207
978.755	155.616
978.899	18.2917
979.186	160.913
979.637	283.517
980.581	134.699
980.893	114.29
982.116	136.223
982.116	136.224
982.161	136.392
982.161	136.393
982.388	236.603
982.691	308.819
982.836	64.7831
982.989	266.634
983.932	79.3278
984.094	95.3966
984.095	95.3971
984.119	95.4125
984.12	95.4127
986.492	144.659
986.507	115.256
986.566	123.633
986.683	336.036
986.871	115.541
987.023	406.119
987.037	127.026
987.78	295.043
987.906	252.445
987.906	252.445
987.918	252.443
987.919	252.443
988.028	119.372
988.264	83.3847
988.533	302.557
988.537	26.3012
988.594	69.1653
988.594	69.166
989.046	60.5899
989.046	60.5899
989.189	411.978
989.365	278.558
989.686	102.854
989.686	102.854
989.842	302.916
991.136	57.3453
991.209	88.9728
991.209	88.9729
991.357	33.9655
991.543	89.8878
991.768	297.985
991.868	312.056
991.869	312.059
991.913	116.589
991.913	116.59
992.127	106.184
992.258	327.051
992.336	64.8701
993.14	120.767
993.563	221.156
993.852	282.758
993.853	282.766
994.233	287.866
995.089	293.599
995.136	154.551
995.136	154.552
995.136	154.551
995.137	154.551
996.584	366.657
996.607	302.527
996.664	166.463
996.694	53.8907
996.887	16.5831
996.94	263.01
997.798	329.875
997.907	16.5491
998.456	82.335
998.466	82.3393
999.173	24.0615
999.697	32.7512
999.711	32.7792
1000.11	272.607
1000.95	20.7133
1001.44	204.691
1001.5	223.515
1001.63	155.299
1002.12	45.8151
1002.7	182.669
1002.83	227.818
1003.09	227.757
1003.8	354.06
1003.9	197.545
1003.9	197.546
1004	197.552
1004	197.552
1004.19	187.489
1004.32	73.5645
1004.67	121.825
1004.69	219.27
1004.69	219.27
1004.69	219.271
1004.69	219.27
1004.94	300.493
1005.33	170.771
1005.33	170.771
1005.33	170.772
1006.22	78.0808
1006.52	208.612
1007.03	154.882
1007.29	186.199
1007.29	186.199
1007.3	138.488
1007.33	182.884
1007.47	191.371
1007.98	179.153
1008.6	328.569
1009.23	280.391
1009.68	104.863
1009.83	162.828
1009.98	92.7386
1011.31	105.046
1011.47	266.57
1011.48	99.961
1011.74	298.233
1011.89	128.563
1012.16	128.164
1012.18	288.258
1012.2	111.808
1012.22	229.662
1012.55	132.588
1012.66	287.853
1012.71	133.085
1012.89	313.872
1013.36	320.492
1013.42	160.517
1013.7	203.122
1013.97	292.919
1013.97	292.92
1014.72	340.133
1015.95	170.003
1016.9	189.055
1017.97	224.099
1018.8	212.233
1018.81	328.17
1019.12	275.591
1019.31	234.171
1019.31	234.172
1020.48	337.194
1020.51	288.417
1020.52	239.313
1020.71	292.061
1021.15	414.631
1021.46	284.586
