229.07565	8.4004354
231.15318	10.871692
803.00330	11.692703
694.11090	13.469178
815.35266	13.313907
117.43286	16.061954
802.57758	16.638288
502.67310	16.957569
617.66235	17.014530
617.66235	17.014530
888.25189	21.077723
888.25189	21.077723
756.82733	21.394466
756.82733	21.394466
754.36829	23.206972
688.33563	24.354475
782.15179	26.026815
828.00574	27.720575
79.790726	27.988419
79.790726	27.988419
926.33429	29.031416
179.33861	35.651310
249.48096	39.744507
249.48096	39.744507
360.20840	41.436203
457.18137	41.290138
547.44086	41.883347
311.30127	43.572578
798.81830	43.405231
461.33868	44.514889
905.67535	47.857941
252.11736	48.710304
91.646416	52.408703
561.29700	59.522400
249.94417	60.002102
85.118126	60.380371
204.71454	60.662884
179.32744	62.687984
165.00841	63.185616
206.14513	65.924095
491.09424	68.021210
248.97520	73.579811
213.35269	74.058006
195.14429	75.362076
360.51233	76.323029
75.000481	81.161095
217.75923	81.056602
670.92932	84.117516
396.30795	85.677124
398.48169	88.148064
196.01897	91.178520
757.70947	92.428726
527.37061	98.550110
81.883186	103.04223
1011.3124	105.04584
550.78204	110.88769
550.78204	110.88769
537.90881	112.97417
469.37717	113.64896
469.37717	113.64896
550.54529	113.37738
593.69653	113.66718
470.59216	115.87180
470.59216	115.87180
530.38538	116.24975
556.22607	121.94303
549.44385	129.11356
774.16357	136.16728
497.40253	137.69780
434.49759	146.60736
486.14389	149.65562
934.95502	150.48926
501.89484	151.35115
487.42532	153.07191
487.42532	153.07191
554.11554	156.94688
435.80792	156.80771
501.03232	156.48238
996.66412	166.46294
412.15222	169.99336
555.33624	170.31204
421.91214	172.51961
459.67142	173.99377
428.44025	175.13857
425.48193	176.51717
417.94342	178.41826
306.39008	179.73984
457.33380	182.74127
524.77466	183.07811
524.77466	183.07811
249.28357	185.55898
399.00494	186.69308
406.74457	186.65851
413.92502	191.12247
410.39481	191.52565
464.98184	191.93439
280.73862	193.35599
280.73862	193.35599
516.41870	193.96489
524.40344	198.71776
574.44647	203.53967
891.92529	203.56491
393.63370	203.83720
454.76895	203.70659
672.37708	203.94637
583.41492	204.79785
249.84135	209.64314
395.56207	209.86034
447.99060	225.41302
523.71014	226.54858
486.53735	230.79263
357.95801	231.28491
357.95801	231.28491
426.95105	234.17592
426.95105	234.17592
546.83386	235.07640
535.21246	240.41068
509.05630	241.39653
509.05630	241.39653
408.01611	243.06052
469.24997	244.67349
428.62628	246.09064
408.11716	246.56149
408.11716	246.56149
493.56448	250.87521
508.40714	259.33569
482.99695	260.82047
504.03693	264.24393
504.03693	264.24393
506.73849	266.07465
393.72913	273.53354
393.72913	273.53354
482.92905	274.43628
468.39642	276.55585
488.53271	279.27374
488.53271	279.27374
504.19479	281.89792
472.85770	282.73236
407.15240	283.05563
364.38095	284.77872
402.48236	285.23541
408.84879	285.53021
421.22937	287.08200
407.05814	287.60263
426.60562	288.36978
487.34311	288.63043
528.04205	288.35263
439.52069	292.97220
439.52069	292.97220
374.62155	297.86057
479.44196	298.11243
373.54712	300.21854
481.90756	300.47018
481.90756	300.47018
452.98721	303.01819
474.79404	305.93228
474.79404	305.93228
373.67526	306.81293
480.58997	311.51538
451.40152	313.44281
486.87466	314.98856
448.95276	318.10605
576.00232	322.20630
416.52277	337.47964
517.98273	354.66537
741.33337	359.43503
730.05798	361.09338
842.87433	375.71994
696.14880	382.80084
666.31458	388.24066
682.61133	388.73331
682.61133	388.73331
649.94568	392.02127
649.94568	392.02127
1021.1453	414.63089
794.31940	3.5265992
643.03564	5.4102311
192.89886	6.3838592
624.96906	6.8745675
664.68213	7.7298536
202.06448	7.9011245
835.90491	7.7686849
615.44495	8.6978416
846.65540	8.6601648
178.16325	10.542415
667.91187	10.938763
752.59930	13.538272
172.28683	14.670693
165.84818	15.154128
924.15601	15.828885
937.76849	16.667295
671.13818	17.699970
514.50934	18.669907
638.73846	20.038265
806.11505	20.204554
648.32965	20.657341
648.32965	20.657341
743.07898	21.054335
747.38062	21.143061
68.442268	22.048899
308.93332	23.271887
230.92758	24.009768
824.06366	24.682667
804.27405	25.437529
110.76632	27.360418
110.76632	27.360418
721.59650	27.674322
308.40955	27.958015
945.12988	28.177284
541.51740	28.947767
735.04425	30.863792
538.41693	31.583527
782.92664	31.565413
925.49774	31.565832
971.78070	31.974133
896.51709	32.972637
472.80759	33.881760
991.35736	33.965473
395.90646	36.246738
395.90646	36.246738
478.47330	35.747990
821.93054	36.317852
503.03058	39.464725
227.42169	39.878166
162.45285	41.163723
540.74896	42.821289
340.45743	46.000397
540.04724	45.874199
253.71352	46.287579
253.71352	46.287579
552.04645	46.870430
561.46301	48.143883
347.99567	48.376652
347.99567	48.376652
483.57999	48.908550
519.26587	49.304871
246.20506	50.754261
246.20506	50.754261
533.88385	50.383717
589.84943	50.278698
321.79227	51.566795
418.37915	51.370605
197.60600	52.375660
587.22546	52.765377
645.75824	52.696857
82.917465	53.175613
82.917465	53.175613
630.20331	52.943241
630.20331	52.943241
245.41321	53.496983
245.41321	53.496983
613.57147	54.857311
191.22292	56.386871
191.22292	56.386871
574.10065	56.923656
258.94583	57.389252
991.13641	57.345325
188.97723	59.081070
149.15031	61.532303
315.92090	61.288765
760.09906	63.841721
193.47389	64.756744
787.45648	66.593964
787.45648	66.593964
93.460121	66.883865
174.71822	66.799980
943.98883	67.115494
250.79610	67.443810
250.79610	67.443810
168.48181	68.384674
168.48181	68.384674
168.48181	68.384674
835.64105	69.428566
224.28798	70.548477
862.41766	71.041870
693.04004	71.525932
177.66451	72.327728
225.89508	73.281403
210.48691	75.590431
588.18890	77.270073
358.49857	78.860474
154.79112	81.783005
208.49432	82.789780
712.88635	83.174683
712.88635	83.174683
64.513382	83.390236
698.08508	83.445267
988.26385	83.384705
250.47641	84.290352
250.47641	84.290352
290.55188	84.630211
156.38675	84.983498
743.56628	85.413170
161.20731	86.564659
509.77939	88.282715
672.91565	91.021851
474.29172	96.479691
177.06647	97.344025
195.84407	98.804993
217.61427	100.22102
532.63391	103.05272
532.63391	103.05272
361.66843	105.50659
992.12738	106.18387
312.38892	106.31751
270.32159	114.12821
270.32159	114.12821
278.61600	115.01558
991.91296	116.58913
991.91296	116.58913
988.02802	119.37201
386.88962	121.98639
548.96686	122.56532
546.24048	124.08447
613.49939	124.12516
553.25079	126.15570
560.98657	127.49152
792.14349	129.50867
792.14349	129.50867
551.36469	130.79999
529.34418	135.97223
384.97363	137.46938
384.97363	137.46938
540.79706	139.06323
770.52240	140.12802
803.27637	142.87915
229.97604	143.90019
265.06805	145.76106
267.21609	148.59564
241.77821	148.88336
241.77821	148.88336
255.07835	152.03130
255.07835	152.03130
436.39334	152.74619
557.41461	153.77002
338.93658	153.87300
338.93658	153.87300
573.49646	153.92494
227.88972	155.37216
892.85791	155.94255
892.85791	155.94255
520.39606	157.20650
556.17108	159.62454
979.18555	160.91280
554.00592	163.69362
554.00592	163.69362
556.16052	166.57791
427.93658	168.24112
973.16272	168.33153
754.26184	169.37796
551.87366	170.46857
502.84348	171.43236
534.00403	172.65060
561.36218	173.08148
462.35236	173.70474
547.34875	175.79169
531.41418	177.51799
363.78125	178.64633
956.48169	178.99422
344.96033	181.32010
306.58585	182.35320
414.56268	183.88341
940.61066	184.15028
409.36136	188.23213
412.94235	188.28386
547.31036	188.81015
323.49088	189.11549
1016.8950	189.05504
519.63239	189.51418
691.44769	189.92227
281.23889	190.62444
490.84119	193.53542
311.16162	195.19437
261.72955	195.73651
261.62241	198.49191
307.01163	199.42125
257.95303	200.04352
383.79282	199.68367
396.49380	200.23358
396.49380	200.23358
515.47736	200.90933
521.10944	201.08897
896.45667	202.30557
907.87427	202.92816
396.17981	204.99991
305.44699	205.51001
393.22089	207.86092
340.35861	208.37038
340.35861	208.37038
561.68536	214.44133
458.52209	216.21611
1004.6910	219.27008
1004.6910	219.27008
886.22058	221.46245
1001.5005	223.51476
553.16687	224.91025
515.14355	226.79636
753.41687	233.50629
288.29529	234.30072
288.29529	234.30072
550.12836	234.34233
503.50928	236.37479
409.44272	237.88084
539.15619	237.67828
539.15619	237.67828
532.62067	239.52954
1020.5242	239.31265
525.11993	242.33167
341.51343	242.88423
510.15891	244.29163
527.04938	244.77219
527.04938	244.77219
508.80301	253.36147
436.79916	257.26773
398.10489	262.14532
498.97794	262.24811
422.60345	268.19293
478.09909	271.82379
481.07199	271.81494
402.96985	273.24136
479.74969	274.99780
479.74969	274.99780
291.48557	275.83749
476.84427	279.20865
543.54468	279.38617
303.53519	280.75513
303.53519	280.75513
335.97397	280.97021
604.92010	282.64670
604.92010	282.64670
979.63739	283.51657
282.85434	283.76663
283.07043	286.80804
283.07043	286.80804
452.56989	298.71695
484.96545	300.15421
484.96545	300.15421
455.25455	300.42303
488.23306	301.63821
291.02850	309.87851
489.68604	315.36435
489.68604	315.36435
489.68604	315.36435
484.11658	316.58218
292.58670	318.06500
451.87210	318.52090
577.69891	320.03488
454.95761	324.08948
582.06641	323.95010
585.37482	327.15619
326.83130	346.55835
757.45709	348.14029
522.50385	352.96017
728.03418	359.14883
747.94641	359.06915
322.46347	360.78442
680.94153	374.09308
702.91534	377.96094
690.04297	381.69617
654.84454	384.93106
699.93634	385.78561
647.73523	390.30676
534.07526	396.60037
537.16840	398.06253
641.59216	403.83105
539.06720	411.23090
653.56219	3.8606064
77.712479	4.4107652
677.16858	4.3948102
813.52734	5.5271592
248.82048	5.9765086
106.36687	6.2678866
57.023426	8.0576973
57.023426	8.0576973
895.17279	8.3014679
569.53210	8.5306044
839.59296	8.4587479
792.59576	9.5010090
792.59576	9.5010090
943.38745	9.7769918
943.38745	9.7769918
734.84326	11.315989
898.12164	11.851611
220.41666	13.319546
744.82513	13.311578
744.82513	13.311578
573.57739	14.202677
829.71619	14.119259
264.80771	14.304095
96.259590	15.667591
628.93414	15.927039
713.92303	16.355354
721.04071	17.313049
844.09583	18.011965
617.16980	20.352571
1000.9542	20.713312
196.20793	20.958614
813.47540	20.942249
834.00201	21.217545
974.50787	21.055122
492.52319	22.037306
715.94458	21.787716
580.98596	22.636362
580.98596	22.636362
661.22449	23.347723
705.63623	23.505091
528.92877	24.149876
999.17303	24.061506
221.41443	25.394287
698.90741	27.439085
507.00165	28.365185
330.63702	29.297636
589.61420	29.789116
305.21045	30.693771
191.95436	31.092117
725.26624	31.586956
526.32751	32.436794
940.44373	32.537697
940.44373	32.537697
486.75583	34.512184
417.27222	34.948776
881.45648	35.641842
353.10712	37.474125
159.11487	38.610229
359.54654	38.517097
582.78668	38.734138
582.78668	38.734138
245.75421	39.542835
72.571564	41.121098
192.19260	41.730640
80.539070	42.546402
230.44916	42.276730
500.60788	42.611904
225.17836	43.520382
513.99396	44.481571
589.86542	45.307526
223.41235	47.716686
943.95435	48.448826
937.49567	48.922817
186.67397	53.003609
186.67397	53.003609
577.56708	54.686752
292.15164	56.045151
555.09930	55.826038
589.51532	55.830906
82.958847	56.603455
251.79192	57.604500
348.12515	58.222988
53.135521	59.066620
753.55432	62.344315
201.95018	63.096771
216.67236	64.129135
323.80539	65.798691
187.75081	65.898018
437.00629	68.227303
484.96518	67.788887
213.79710	71.175621
324.98990	72.225639
97.047806	72.467209
97.047806	72.467209
391.70364	72.863480
391.70364	72.863480
191.70694	74.596687
174.58049	75.883728
227.33189	76.623924
227.33189	76.623924
99.954712	78.110664
99.954712	78.110664
742.32501	79.723404
696.47491	79.809235
405.82339	82.016739
151.18658	85.619759
209.79875	86.010178
491.64624	87.305573
585.47321	88.793716
585.47321	88.793716
159.41267	89.951706
729.25360	90.179092
338.54327	90.314102
175.08615	90.951797
175.08615	90.951797
685.78387	91.118523
750.91425	91.093552
778.78406	91.667198
335.67624	93.203278
189.67075	94.803650
398.29202	95.393204
71.088257	97.125824
464.30466	96.953178
186.52885	97.710999
195.16350	98.551315
402.89282	99.835350
316.72977	100.89036
157.72446	102.05893
460.95502	113.21758
482.67218	112.92233
351.12552	119.59084
390.67004	120.74290
370.92978	124.52512
531.02863	124.25191
932.62720	125.18719
616.46796	126.30092
826.61847	127.61732
826.61847	127.61732
538.99304	129.35342
398.53021	133.51363
826.42328	134.47888
929.00195	138.21338
875.31262	144.22182
260.54132	147.71855
531.46497	147.87660
436.36246	148.63510
436.36246	148.63510
250.61296	153.11040
250.61296	153.11040
891.31958	158.90793
483.99359	160.17393
1013.4196	160.51668
888.86383	161.44336
976.18213	163.12703
1009.8328	162.82841
426.14087	165.32884
912.26874	171.51294
942.89038	171.34686
942.89038	171.34686
873.80542	172.54178
478.98602	173.07330
481.12845	177.16165
481.12845	177.16165
463.46069	180.20232
463.46069	180.20232
275.15311	180.30473
282.40564	180.33763
296.23663	182.49687
1007.3286	182.88391
460.34924	183.55037
1007.2862	186.19905
1007.2862	186.19905
249.50673	188.43436
595.75989	188.15990
456.55026	188.94754
305.20551	190.14478
305.20551	190.14478
551.83032	191.87296
398.36331	192.54642
398.36331	192.54642
246.60828	195.00050
518.57117	198.27493
945.22961	201.71440
945.22961	201.71440
945.22961	201.71440
454.72769	203.62665
431.10092	212.75818
244.95668	205.79468
314.05975	208.86023
314.05975	208.86023
471.96631	209.03168
498.37469	216.48479
868.48468	217.53320
263.60950	218.92215
310.47375	218.97215
501.87741	223.65984
402.10529	227.28993
378.29144	227.27541
536.44122	228.98189
536.44122	228.98189
370.75204	230.47536
273.13049	231.42502
306.28241	233.34708
306.28241	233.34708
553.11938	235.72418
487.58588	239.99626
542.10889	240.08452
482.07730	242.26678
513.61877	245.04678
513.61877	245.04678
396.40179	246.62929
322.68314	248.17203
964.95435	248.31071
511.53589	251.19254
511.53589	251.19254
247.24559	257.20721
376.62830	257.01367
445.04410	261.34183
395.08304	262.99341
496.26559	265.42673
486.02594	276.46292
989.36456	278.55762
364.14804	279.83493
480.02380	279.87170
301.46606	288.12073
1020.5149	288.41699
987.78033	295.04321
317.14886	298.08444
317.14886	298.08444
304.43042	301.82013
422.79163	301.96942
422.79163	301.96942
422.79163	301.96942
514.22675	306.18365
926.54095	309.70224
926.54095	309.70224
492.44244	311.89365
573.87018	314.95892
334.84305	318.58786
1013.3560	320.49200
812.48065	321.19556
812.48065	321.19556
446.69003	321.82413
446.69003	321.82413
760.95898	342.37210
766.53625	347.42953
733.41504	354.48767
736.00830	356.54486
736.00830	356.54486
516.27148	357.51901
516.27148	357.51901
738.67352	358.49374
445.43640	375.04642
693.52216	374.96854
707.72644	378.66058
668.60193	379.92828
447.38187	381.24139
693.13666	382.59357
451.40381	388.73376
644.82605	388.36292
702.10791	389.06958
163.90729	3.7868531
613.41034	4.1100025
125.28226	5.0316572
228.94919	5.2269716
730.11127	4.9583058
730.11127	4.9583058
944.27515	5.8105941
964.96277	8.9383793
628.62012	12.051794
628.62012	12.051794
635.27344	13.164852
635.27344	13.164852
401.20078	13.457175
709.05591	13.567577
799.18744	13.355809
790.10181	13.844574
790.10181	13.844574
950.51251	13.987062
758.45398	15.723442
750.45795	16.527956
931.70355	16.865425
125.10046	17.536013
168.89359	17.669699
634.39844	17.289774
640.55438	17.339666
828.52625	17.433153
828.52625	17.433153
582.25220	18.601702
769.96814	19.036390
529.29419	20.064745
529.29419	20.064745
763.20325	20.298822
159.80573	20.775383
264.76099	20.770664
252.89983	22.049805
678.82007	21.913704
768.47552	23.003864
200.20848	24.769451
115.09265	25.807520
288.51923	26.193405
496.32098	26.244852
681.65448	26.832962
906.94067	27.489332
713.21771	28.532608
745.60791	28.368113
794.83344	29.232115
312.45190	30.964895
344.60907	33.565067
801.83649	34.152439
56.385201	35.439693
931.69366	35.310047
937.89294	35.966507
110.28609	37.984024
179.13614	39.094719
421.64261	40.984650
945.97388	41.955029
586.09967	42.452568
292.48218	42.967945
179.19266	43.447659
936.10303	43.339214
936.10303	43.339214
546.96570	45.317387
524.19678	45.760830
524.19678	45.760830
246.72519	46.902122
216.95207	47.476250
496.20438	47.722698
201.95375	48.042698
188.67860	49.124989
164.94553	49.919785
905.62964	50.858028
216.52533	51.993019
210.49898	52.877163
306.40518	53.640808
160.17191	54.130688
160.17191	54.130688
969.61475	54.040840
215.20918	56.044586
893.16168	57.105846
566.65106	57.595993
793.56201	57.516426
208.35416	57.827946
578.43671	58.763233
217.24019	59.980991
989.04602	60.589878
474.22437	61.240318
152.50174	65.976387
950.03558	67.174042
936.21448	67.308998
988.59369	69.165298
988.59369	69.165298
148.94539	69.631790
240.44872	69.577812
188.45374	70.299393
188.45374	70.299393
591.82892	71.618835
965.53918	72.633217
687.25641	75.436989
249.80676	76.721123
339.50970	78.088737
65.077263	79.197990
591.22412	80.605247
253.29568	81.092896
97.287582	82.411499
171.54381	82.690979
228.33286	83.206207
71.035042	83.673729
71.035042	83.673729
493.12057	83.365982
493.12057	83.365982
80.663811	84.000381
480.06906	85.471298
173.96213	87.155586
248.99237	87.463585
526.66113	88.319290
358.16611	89.006439
458.89459	93.502625
164.34630	95.681000
984.09393	95.396553
984.09393	95.396553
340.58469	95.851288
717.60010	96.615189
84.733658	98.246452
1011.4815	99.961044
323.35223	100.34805
73.106422	102.57177
393.50409	102.84531
989.68555	102.85441
989.68555	102.85441
333.61838	105.30510
886.41766	109.40453
583.78595	109.94326
970.83411	119.76944
970.83411	119.76944
993.13995	120.76685
806.86066	121.50068
425.09268	123.26617
580.57831	122.98817
968.83044	123.59840
986.56616	123.63285
869.87073	126.02704
344.44748	127.93266
1011.8917	128.56319
574.19647	129.16150
741.50244	128.86052
404.32480	129.82440
444.47330	129.62563
763.55780	129.81516
838.58344	131.82808
1012.5500	132.58827
801.00818	134.32387
956.20795	136.48143
774.42004	141.14085
487.94531	141.70163
487.94531	141.70163
764.52716	142.58586
764.52716	142.58586
944.09961	144.41852
505.34500	144.87880
505.34500	144.87880
972.98138	145.12943
272.40869	145.92499
978.18079	148.20671
879.60657	150.20114
974.52582	150.64352
740.28619	151.95337
807.85272	153.46307
681.27197	154.02237
948.86133	156.37967
430.16559	162.33295
811.27893	163.84331
912.88373	163.87683
480.04025	165.64636
877.91949	170.01320
700.29712	172.68692
807.04523	175.85922
891.32941	176.84026
344.94183	177.57314
344.94183	177.57314
923.26563	178.27721
1007.9753	179.15318
937.24677	181.51468
347.62659	184.67250
347.62659	184.67250
901.00946	184.91759
934.07538	188.20811
899.55627	188.79066
686.11096	191.93166
474.94006	194.91232
919.55975	196.27870
291.54129	198.54028
246.72458	198.91840
492.53452	202.06972
492.53452	202.06972
1013.6987	203.12164
316.04788	204.55806
411.90256	204.51801
927.60822	207.37999
238.44862	210.09470
892.76666	209.85657
529.46954	211.42699
248.09732	212.75850
562.17676	215.09850
287.91132	215.78755
412.16071	219.33957
506.27319	224.01385
249.16446	224.62184
760.78418	227.95580
252.36403	228.41428
532.48022	229.79343
526.85114	237.05966
976.02679	242.28471
444.83109	251.24716
444.83109	251.24716
497.08792	252.69081
497.08792	252.69081
987.91846	252.44252
987.91846	252.44252
486.36182	260.09555
542.55194	269.15808
434.17566	276.84671
506.21271	278.73911
506.21271	278.73911
1009.2260	280.39066
277.76047	281.04462
1021.4624	284.58578
461.23929	287.75803
994.23315	287.86591
479.10495	289.71988
479.10495	289.71988
1020.7077	292.06110
1013.9675	292.91934
1013.9675	292.91934
991.76831	297.98468
356.38290	301.03879
463.23184	301.24902
599.06964	302.63419
288.26303	303.78885
288.26303	303.78885
437.48346	308.54037
928.20850	313.33038
934.10095	319.65381
581.03253	327.48401
1020.4830	337.19388
802.55420	339.61810
617.65350	363.06732
442.53876	378.34070
679.17053	388.87387
659.01672	404.40103
640.60498	408.48199
601.98108	6.2497096
925.16913	8.7581196
925.16913	8.7581196
147.97391	10.267974
690.05762	11.359448
767.54822	10.875619
777.52081	11.259475
777.52081	11.259475
324.13132	12.845034
798.94647	13.184786
798.94647	13.184786
82.195282	14.442425
527.12671	15.995792
774.54681	16.058613
55.257233	17.036148
624.98376	16.587002
741.05768	17.103710
741.05768	17.103710
741.05768	17.103710
750.50897	16.662216
785.21173	17.154577
785.21173	17.154577
554.03168	18.368633
589.04797	18.262026
879.09814	18.041206
879.09814	18.041206
409.74774	19.118908
237.89786	19.626181
245.76196	20.637720
823.97833	20.748945
218.12553	21.640924
874.24286	21.910940
808.80377	23.276937
386.24637	24.137365
589.08795	25.251272
831.82971	25.446585
831.82971	25.446585
750.48877	25.887686
422.92847	28.259947
523.79706	28.058897
778.87482	27.879223
937.77704	28.079691
68.424706	30.168390
774.82098	31.928263
328.87460	33.026737
114.97478	34.068920
114.97478	34.068920
188.34042	34.895107
431.42819	36.782253
589.27081	38.074032
169.17676	39.698174
941.59290	40.022385
255.60278	42.148479
573.59131	41.684315
196.30368	44.202194
164.51305	44.841591
307.19250	46.038563
98.499901	46.754765
786.49207	47.739437
292.91837	49.398827
54.624180	52.871841
638.31976	52.959900
638.31976	52.959900
534.11890	55.116001
909.06439	55.279160
77.608162	58.602108
970.08893	58.520962
292.79318	61.824871
449.66403	64.388214
518.65442	63.861549
534.09558	63.875244
577.07928	63.705776
974.90924	63.913059
216.53828	65.274040
216.53828	65.274040
992.33618	64.870117
591.44147	67.403168
900.91260	67.185989
900.91260	67.185989
110.74816	68.435593
244.85472	68.927147
581.71637	76.233208
930.95917	76.979614
152.15900	77.790230
556.48224	77.630310
803.03400	78.174805
1006.2194	78.080826
245.02870	79.681534
142.39632	80.477959
334.73026	81.169060
148.09613	81.945305
286.97916	87.810547
817.80817	89.025406
504.69913	89.854622
254.75893	91.033661
353.09094	90.937897
899.74469	90.728195
491.04462	91.927284
587.74115	93.260750
305.34747	97.493599
286.84488	97.865692
164.35335	99.862923
225.52965	99.697533
739.43787	109.20102
1012.2020	111.80756
580.64624	113.92090
986.50665	115.25616
523.03485	115.59099
809.16919	116.85497
383.19537	118.28236
434.71719	120.14733
733.93500	120.74813
377.05597	121.84759
1004.6697	121.82504
580.76923	122.81454
830.93427	124.72325
605.83228	127.41368
706.86639	127.63096
528.05817	131.98260
757.25116	131.69777
1012.7078	133.08528
788.15222	134.07928
788.15222	134.07928
533.79797	135.46762
938.09369	135.46135
882.02173	138.05626
576.09412	139.78346
803.97418	138.85280
873.03870	139.28619
758.89441	140.88896
530.66034	142.86160
492.28256	144.08194
875.04297	145.15070
431.96005	147.42972
481.75305	147.36452
757.13727	148.97350
799.23914	150.01001
673.18347	152.69727
734.19238	152.64250
995.13580	154.55098
995.13580	154.55098
915.13525	158.54965
915.13525	158.54965
726.77698	163.09479
920.10651	162.69250
471.92276	164.76324
881.47961	166.86604
279.21198	171.06065
294.99731	171.90744
516.14636	172.06494
699.79785	173.03030
484.79669	174.07910
484.79669	174.07910
366.10678	174.92955
276.68973	175.80920
668.26746	176.81291
360.16000	177.84908
742.51501	180.68022
515.77966	186.00900
345.60522	189.66013
556.08130	190.06206
585.54999	190.33093
318.75885	192.27065
612.26129	196.00871
919.53125	196.10837
684.29333	196.85051
1003.8974	197.54512
1003.8974	197.54512
924.75012	199.78493
407.45709	201.34367
918.43866	207.13858
1006.5193	208.61218
922.89233	211.07750
1018.8026	212.23338
473.86646	214.36787
882.15485	215.22481
223.10161	218.35350
223.10161	218.35350
946.34656	219.00642
230.53812	220.61307
547.17499	221.71764
942.93573	223.24150
942.93573	223.24150
249.15932	224.26268
1017.9723	224.09886
551.91632	229.81952
587.26251	230.30115
1012.2159	229.66165
250.22533	232.60562
239.98483	233.91422
92.479691	235.78598
885.98840	237.44440
961.16113	242.71957
534.22443	250.92126
242.80331	258.54349
242.80331	258.54349
435.90497	265.37018
586.13306	264.45731
278.27890	269.21365
278.27890	269.21365
421.59778	268.83740
389.78848	274.86029
1019.1172	275.59140
511.12201	277.91452
403.28265	278.84656
993.85345	282.76633
474.86557	292.23615
867.22723	300.95993
431.39282	305.61026
437.17691	308.26868
437.17691	308.26868
454.11929	308.60474
1012.8874	313.87158
570.40967	317.33289
909.38824	325.06485
603.18652	325.57635
1018.8116	328.17032
792.91595	334.71744
878.65515	339.40265
523.75928	352.14041
772.07257	352.09570
865.99097	356.91223
725.72247	361.96359
617.78766	362.88394
688.73706	376.17868
699.89886	380.28909
699.89886	380.28909
647.63214	6.2984037
686.73456	6.2276258
342.01199	6.8945360
584.75073	7.2901659
584.75073	7.2901659
634.69623	6.8467069
634.69623	6.8467069
697.18378	6.6860118
784.14545	8.2225075
809.52850	9.3992319
809.52850	9.3992319
127.08067	9.7896442
610.96777	10.336826
727.76605	10.321275
825.75842	10.111380
930.71515	11.402627
583.09918	14.570253
847.71704	13.778181
254.23253	15.662207
254.23253	15.662207
518.74249	15.787001
309.11450	17.007917
679.52637	16.960049
182.71715	18.143606
795.36115	17.537247
978.89886	18.291662
575.42236	18.559364
343.63354	19.519030
779.78125	21.503372
849.97119	22.219664
886.69635	21.619856
732.11261	22.588072
797.65546	24.011295
53.336502	25.165939
191.04440	24.989147
818.85931	24.540358
786.99664	27.152458
949.78314	27.240101
414.50616	27.514683
414.50616	27.514683
975.34070	28.689510
975.34070	28.689510
835.68262	31.196291
357.73386	34.255814
494.09119	34.078037
51.675900	37.962860
196.76297	38.113884
302.67435	40.105576
546.03973	40.080162
531.46948	41.408466
924.10498	42.497242
473.08493	44.173203
176.00980	50.429680
302.18433	49.849705
540.57843	49.963375
812.66785	49.862671
264.17245	50.917824
287.97397	51.198952
1002.1243	45.815121
228.12410	51.533669
487.32928	51.718735
352.26047	54.413197
456.43823	53.726646
880.58966	54.656704
49.210411	56.153896
6.5072932	58.963619
287.73514	60.643719
352.74387	60.619102
788.26282	60.919140
318.20996	63.213722
432.93683	63.080219
982.83582	64.783081
555.48254	72.021729
555.48254	72.021729
932.55688	71.560043
90.288895	73.924004
90.288895	73.924004
287.22635	80.316826
998.46588	82.339272
976.01770	84.464272
218.04317	86.964111
218.04317	86.964111
142.00896	88.703590
142.00896	88.703590
66.046234	89.560913
686.94354	92.050415
151.13557	92.759476
1009.9827	92.738632
863.96313	94.136948
673.41711	96.408676
728.46783	95.719330
837.62781	96.190742
513.00342	97.220337
907.90173	98.169716
263.90070	101.17835
292.13412	101.91817
974.14783	102.03541
504.70291	103.29723
534.06268	111.34607
561.84686	111.87726
379.20654	113.24414
527.90283	120.48270
527.90283	120.48270
715.54846	119.78039
541.23499	120.74070
723.19208	122.20303
444.78378	123.11572
952.51709	123.97810
632.78998	126.85787
876.49841	126.81142
1012.1584	128.16425
513.59265	130.87416
873.86493	133.17186
580.27985	136.09552
625.19995	136.15038
846.11188	136.31915
1007.3029	138.48764
168.37289	141.12163
537.31293	143.15671
500.07715	149.63139
897.76398	152.68141
163.31427	155.07587
730.36688	157.76167
880.18262	157.93840
561.86566	161.48685
561.86566	161.48685
891.34161	163.93097
529.82776	165.11166
529.82776	165.11166
734.86639	165.19759
696.32025	167.67458
1015.9523	170.00262
887.74225	172.13681
887.74225	172.13681
707.00006	172.78183
877.73584	177.87044
414.05978	182.74359
285.22958	184.28868
1007.4736	191.37134
544.20160	191.95212
568.76648	205.40710
608.41254	205.34160
1001.4410	204.69110
471.89233	227.09013
882.39966	232.86307
1019.3104	234.17087
1019.3104	234.17087
509.82104	239.13091
105.68819	242.11859
105.68819	242.11859
412.29602	241.39435
825.51154	242.11327
406.22702	242.64246
171.25433	246.41319
564.12970	248.17278
576.62091	251.82072
168.75705	252.82765
833.47467	254.01894
861.67163	255.24869
178.20447	257.04797
491.70529	259.91122
425.08496	263.53229
465.95935	266.77704
494.75052	268.69067
494.75052	268.69067
384.34406	273.11664
589.73334	275.57526
538.37439	286.14044
785.21124	286.88217
969.84723	287.16772
521.87360	293.25372
995.08911	293.59949
1011.7434	298.23343
880.16302	299.25882
818.08990	299.53625
861.03967	300.86032
996.60706	302.52740
614.09442	303.94855
607.70776	306.69327
497.56549	310.83072
991.86816	312.05640
462.66174	316.41113
929.58636	317.84372
905.25452	321.96234
504.77252	324.37387
874.94727	336.01093
874.94727	336.01093
574.07404	337.40961
525.35077	341.04553
525.35077	341.04553
896.02563	341.33969
782.21161	347.31070
749.83765	348.98834
529.91669	351.57224
748.29968	355.15381
778.07672	360.26205
699.67676	369.84677
734.25043	374.05063
734.25043	374.05063
741.93207	376.51331
857.47650	377.28223
655.38696	399.70245
655.38696	399.70245
664.30963	408.80399
706.81744	427.05847
288.92719	5.7427721
209.84706	7.1220331
658.68738	7.3005700
707.84210	7.7520547
674.08539	9.1496086
162.72124	10.833807
641.68616	11.711864
641.68616	11.711864
65.394859	14.176597
659.21747	15.043869
949.02686	16.154400
698.69946	18.156311
698.69946	18.156311
967.61719	23.220133
180.53430	24.114994
868.13495	26.208797
988.53668	26.301216
875.11578	30.398764
821.91064	31.993776
834.48236	31.708197
999.69659	32.751213
530.52069	34.255074
947.91681	33.916138
80.296104	36.447914
308.95850	36.121571
323.41336	36.396236
489.32690	39.400402
782.25159	38.515152
264.05673	40.846382
878.76544	40.924694
75.742607	43.286503
75.742607	43.286503
907.39325	44.522366
50.832035	47.849068
675.92316	50.308483
501.75778	52.870975
996.69366	53.890720
518.06909	54.588505
934.13550	54.646973
322.83154	56.940533
197.73344	59.050575
197.73344	59.050575
161.52119	65.606834
49.179680	66.436562
672.35504	68.530411
287.64249	70.191856
256.09991	74.161514
760.17432	75.417198
321.50449	78.151962
365.23688	79.835152
519.42499	81.744576
825.71387	81.393402
111.23576	86.950142
515.11530	87.299934
870.78101	87.189072
535.30078	89.653725
245.05481	92.738945
697.07104	92.951462
504.94312	96.126221
788.77869	100.02650
680.65106	102.61378
340.31058	105.27815
966.96429	105.16525
1009.6777	104.86250
864.68811	105.96230
722.39093	108.38175
660.36664	111.24456
540.63251	113.21236
540.63251	113.21236
800.75079	116.86111
656.41980	119.30872
552.23206	125.52401
605.25952	127.71238
411.67755	129.73781
519.22272	132.86093
828.20929	132.78702
853.39850	134.25909
558.77130	135.83742
558.77130	135.83742
732.92157	135.89883
982.11584	136.22295
982.11584	136.22295
951.19208	139.44160
263.93811	141.16881
619.00830	140.34723
564.88062	143.28722
327.14923	146.44583
603.76270	146.03966
856.27954	152.17581
856.27954	152.17581
618.02448	155.29189
1007.0334	154.88217
978.75476	155.61615
862.22638	166.17482
153.16290	170.10434
900.22314	172.25066
489.86151	176.43562
138.17218	177.97221
310.28482	180.96581
920.08875	189.33003
402.36362	197.28947
402.36362	197.28947
288.63565	204.03235
493.49097	208.01419
903.53235	215.22498
242.68367	215.77359
242.68367	215.77359
234.10043	226.96477
1002.8297	227.81804
100.59932	235.92841
486.04544	237.55696
885.74084	238.04243
966.37512	237.96437
643.84790	240.48999
766.61853	241.90683
788.64587	242.29054
870.22314	243.97359
100.79145	247.96722
176.92328	251.13605
176.92328	251.13605
190.66840	252.74223
547.80347	255.44206
218.88779	260.37524
830.70380	260.25574
605.66589	262.49741
449.59085	267.63013
982.98944	266.63406
442.72025	271.55118
500.30493	273.03555
435.19736	276.03607
435.19736	276.03607
539.46973	276.70306
395.71915	278.37729
443.73672	281.34909
214.62077	284.87262
214.62077	284.87262
475.94159	284.18378
475.94159	284.18378
839.75757	288.40683
1012.1840	288.25842
847.12549	292.26730
856.97803	296.02896
874.07672	295.69296
874.07672	295.69296
435.69714	296.87735
646.70776	302.67639
613.34436	312.21625
867.78528	312.94263
455.41953	320.09003
400.76373	330.71408
582.36047	338.92398
608.24152	338.95410
601.98914	344.91910
886.18170	364.84311
858.08417	369.43463
893.73975	382.96835
686.72473	390.94800
734.29126	420.08713
58.277351	7.4303703
311.43909	6.9683127
73.325874	8.1389503
102.57191	19.129692
612.93933	23.003271
432.05994	26.519876
562.03455	30.163979
694.17267	30.982731
846.38702	30.970312
484.53412	32.005135
704.18585	31.793505
734.98657	35.153759
800.42853	39.725292
870.96045	39.648117
116.60594	40.990910
804.84528	47.798870
474.33215	51.056686
249.15916	55.349892
414.19315	56.440662
547.46875	58.337547
606.00201	60.925133
875.13477	61.433300
472.91373	66.268196
79.050102	69.693520
246.19815	69.978897
413.92215	72.110550
654.81775	72.044243
908.35382	71.959564
670.71484	76.721535
983.93195	79.327789
584.80743	83.813652
102.38335	89.040565
669.34912	88.931145
167.25272	93.957794
921.91211	94.308594
172.08730	101.94471
207.75264	102.94866
701.76910	107.34843
927.65265	109.03534
729.00092	109.99042
968.07581	127.15898
686.57764	129.14301
728.41351	129.62035
695.31848	135.55840
986.49207	144.65927
588.04602	158.41823
602.12769	158.91243
223.67096	163.20973
423.77386	162.65477
364.87607	171.87416
327.35861	175.73726
327.35861	175.73726
279.39832	186.65742
894.48615	193.04736
468.27988	195.85199
8.5937519	197.68336
884.87561	225.50903
517.81940	237.51476
952.26874	239.14987
86.440392	240.51111
86.440392	240.51111
761.92230	248.07083
525.91925	251.75789
777.40021	255.13429
859.32428	267.97058
390.24100	268.76193
484.02795	271.69064
484.02795	271.69064
613.02087	273.59760
879.05518	276.97861
484.94028	283.35678
789.73785	282.50012
789.73785	282.50012
789.73785	282.50012
866.33868	290.90115
1004.9406	300.49274
446.94290	313.83484
13.854173	314.75989
536.82434	334.35864
589.50427	335.95596
1014.7187	340.13293
790.32574	348.98755
783.71381	355.93274
546.68781	364.30307
687.04388	368.51517
725.92621	371.86765
540.10663	384.75119
560.25433	390.01321
533.89691	405.64127
533.89691	405.64127
996.88696	16.583122
630.61896	23.467632
317.57190	28.485077
716.06665	33.456089
764.90100	37.160099
155.41516	47.251835
778.43958	47.689911
547.72327	58.532246
673.60712	58.983936
606.83002	61.300987
684.14160	63.846062
963.83258	65.265060
771.44550	71.131836
54.996410	73.677040
1004.3159	73.564468
422.70807	77.147087
835.67975	76.241684
67.788956	86.657974
991.20868	88.972832
991.20868	88.972832
750.67615	94.964828
319.20877	97.165710
772.47882	96.821465
65.196457	101.45962
296.66183	100.41459
296.66183	100.41459
944.73297	108.86450
163.85605	110.15948
212.44853	113.03953
586.40027	120.17359
657.74304	121.09505
233.91226	121.18244
252.97496	122.89922
862.45282	123.52306
372.10764	128.23195
612.81091	134.96364
702.71436	145.54044
339.79514	147.08742
746.92169	146.52602
216.99358	154.58054
588.93719	159.65225
668.29712	160.91165
497.15311	164.83784
741.02155	167.88159
680.17780	169.23032
1005.3331	170.77119
1005.3331	170.77119
1005.3331	170.77119
224.93663	173.25024
233.65221	180.69066
330.92712	185.33284
618.92975	184.79784
286.27255	193.98628
286.27255	193.98628
895.06537	193.03416
842.61420	226.82024
454.53180	233.79929
744.44543	233.31924
380.91537	261.90833
860.89435	267.24020
390.79514	268.35828
218.04062	271.49194
218.04062	271.49194
1000.1091	272.60709
975.42303	282.30923
875.44812	285.83118
1012.6579	287.85291
888.79572	293.42661
281.77115	301.66367
988.53278	302.55710
821.01251	307.80402
621.99164	316.83325
919.17902	319.12500
291.52899	322.64450
291.52899	322.64450
213.92494	331.65979
588.92419	335.23566
742.80151	376.80603
695.20367	390.93732
300.58267	11.488539
960.62225	14.433813
960.62225	14.433813
586.45374	21.701853
810.79639	20.510193
846.83197	20.758110
846.83197	20.758110
227.24576	31.161011
515.15350	45.233601
561.43481	51.355629
110.40604	58.114643
16.601269	65.182281
526.70300	69.664017
665.67865	68.224792
703.56439	68.826553
38.604073	73.365211
504.39914	83.583694
57.364841	84.712860
94.475533	96.842033
541.52966	102.31491
76.328293	105.39753
586.27777	109.16316
769.74677	116.89658
567.85834	118.45490
787.46954	119.46844
828.55756	120.51307
530.70563	135.58191
980.58124	134.69936
585.59454	139.90376
823.33258	141.58774
251.80875	142.85014
311.55923	149.70341
609.58746	153.60214
743.33649	156.61514
693.95557	165.62315
142.89841	168.07014
485.71933	166.50572
488.41522	184.98843
111.07489	198.55995
943.19165	207.34502
580.16089	210.96523
993.56323	221.15572
798.40363	224.93306
333.85413	245.32260
333.85413	245.32260
163.17642	253.08565
973.22119	261.39798
1011.4669	266.57043
45.916714	288.38223
424.74295	293.08508
827.53302	296.14404
854.91498	324.32184
1008.5981	328.56915
618.97925	331.06348
529.72162	343.12506
715.74194	369.20108
643.07153	382.30978
712.30994	383.83823
568.55273	401.40363
359.94888	13.474893
202.81007	15.445933
390.77731	15.309668
350.06122	28.961912
820.29108	32.960735
488.67316	41.740780
826.35016	45.375587
391.13229	51.753117
930.87274	60.346497
816.87024	73.329704
849.28052	77.238968
391.08990	93.827347
391.08990	93.827347
551.23608	95.273033
330.45419	99.843445
149.27573	103.12644
968.58356	107.55606
171.13220	139.07729
883.41534	163.85817
926.53827	164.34373
751.31512	185.58174
751.31512	185.58174
1004.1865	187.48900
232.95383	198.30919
890.16949	204.36520
70.365852	240.96710
788.38757	259.27252
788.38757	259.27252
996.94006	263.01041
408.80267	280.91266
260.08881	286.04150
260.08881	286.04150
532.42065	292.99536
269.39740	300.80917
269.39740	300.80917
838.22864	307.05090
26.566410	311.11774
992.25751	327.05081
326.57306	333.67072
514.81946	332.62396
805.10370	348.64185
516.94501	350.47806
428.83856	352.84213
428.83856	352.84213
607.24042	360.49234
801.10870	365.68961
540.26801	371.56430
669.47955	373.05560
834.12402	378.70547
834.12402	378.70547
815.77240	385.40109
400.35403	391.96027
675.60071	399.04257
861.05365	11.231345
975.34406	73.233620
884.26825	81.931969
100.76968	82.772247
100.76968	82.772247
491.30606	99.025978
550.20709	112.46200
744.86896	118.20200
371.90170	126.22865
563.17859	132.22084
575.46729	150.44763
362.23590	153.57707
1001.6345	155.29942
713.28577	168.47011
19.316833	185.23143
928.44196	184.53450
913.24463	193.69965
529.56110	195.59760
697.41840	219.48569
741.44879	219.63515
560.67194	237.48430
522.46045	238.88887
475.84555	325.76169
923.38568	332.81717
923.38568	332.81717
336.08389	346.87399
336.08389	346.87399
656.67084	355.44867
429.77399	380.95990
685.40973	380.55231
662.51819	390.65820
662.51819	390.65820
848.17908	391.14529
414.70657	392.53268
414.70657	392.53268
236.55254	19.956425
425.78604	20.395670
469.25333	23.352627
754.33221	31.815668
257.33725	37.206837
614.42126	37.910809
315.44025	44.759769
420.53525	60.386459
928.01965	60.901733
313.54373	71.492264
716.08966	83.315422
911.50574	84.508240
911.50574	84.508240
276.66806	92.353065
895.05377	99.354111
276.00555	115.42426
894.58398	141.15675
594.03314	173.31886
733.04572	177.93869
693.22253	179.37971
890.88287	181.05727
575.82727	205.04182
596.04486	205.01488
667.19452	207.65259
799.22980	221.00371
928.65424	219.92982
847.40582	241.76041
240.76532	274.76358
891.39777	288.82663
600.98224	327.76999
600.98224	327.76999
321.23825	336.61044
391.55481	335.78937
641.74719	377.32938
869.94641	386.07736
869.94641	386.07736
719.74030	387.32480
831.38354	410.52124
831.38354	410.52124
653.40649	19.324192
956.23126	36.281334
444.80127	39.973614
444.80127	39.973614
503.26517	66.128761
256.46512	83.135262
683.92169	80.703362
749.03571	82.279114
791.72314	86.654572
827.70795	90.481247
966.35876	88.961693
861.60846	94.548477
436.11420	117.74616
436.11420	117.74616
592.62640	135.85172
299.34039	314.16827
299.34039	314.16827
495.23239	333.61917
937.43707	361.46384
870.91077	408.38852
870.91077	408.38852
704.36212	23.351288
34.605560	36.887836
215.44998	41.180344
353.92148	52.677658
472.40677	56.800613
381.99963	178.97649
732.29041	179.82230
732.29041	179.82230
800.63733	216.44449
126.96524	233.25955
126.96524	233.25955
807.55414	243.62991
558.13159	286.00131
707.66864	284.81094
768.06763	373.52496
814.96985	61.429249
814.96985	61.429249
282.24551	86.391273
282.24551	86.391273
423.36285	89.858505
214.07697	130.39043
214.07697	130.39043
307.24466	194.79181
361.28116	206.93918
956.71539	215.36433
229.14984	238.08159
630.38843	336.40509
842.23364	346.16418
371.26346	360.69159
520.70013	104.68079
631.69861	160.71346
631.69861	160.71346
953.06903	161.72466
953.06903	161.72466
744.40527	255.89600
815.70721	255.97336
858.48755	291.33917
482.77469	51.157875
973.43958	91.782974
905.26508	146.96114
401.08521	237.99347
473.02832	385.27585
847.11237	56.995754
336.62625	62.531834
336.62625	62.531834
336.62625	62.531834
565.08136	83.444756
565.08136	83.444756
699.81000	141.31035
251.16008	168.50252
587.04962	258.34369
187.32558	65.474304
912.71429	244.34505
912.71429	244.34505
68.817322	301.39145
129.81110	132.12534
129.81110	132.12534
413.93372	219.12775
206.87726	301.08044
817.78070	179.02956
817.78070	179.02956
459.87186	183.93367
7.2294350	16.677412
33.239544	13.203838
33.239544	13.203838
57.019012	8.0625381
57.019012	8.0625381
75.855209	8.7878323
103.92798	9.5839806
124.90858	17.481464
135.06337	14.726995
152.91580	17.579351
182.77293	18.132385
200.20511	24.771461
220.41666	13.319546
230.92780	24.009712
257.09698	25.715775
278.06299	21.817223
288.52518	26.337639
309.14590	17.042280
335.97305	26.536812
335.97305	26.536812
350.96921	24.997028
377.06778	6.8359947
392.49356	14.416817
414.02362	27.015106
426.29138	17.000683
454.26395	17.205692
482.81497	8.5074692
490.76663	9.2981873
518.74310	15.786983
529.29266	20.064678
529.29266	20.064678
554.03168	18.368675
575.42236	18.559490
589.04907	18.261509
613.25684	23.049957
635.27344	13.164837
635.27344	13.164837
659.21814	15.045132
679.52466	16.959892
698.69012	18.155289
698.69012	18.155289
715.94458	21.787720
728.35956	10.539370
763.20685	20.298935
779.80676	21.538849
795.36096	17.537224
809.47052	9.2528419
844.20953	23.258022
850.37201	22.205292
874.24127	21.908466
895.17462	8.3042316
924.10114	13.155035
924.10114	13.155035
943.38751	9.7770424
943.38751	9.7770424
965.15674	8.8803024
965.39984	8.9795036
997.90668	16.549099
12.879192	42.817368
12.879192	42.817368
34.004726	36.281540
51.672455	37.965233
80.363464	36.468994
92.298431	37.434883
116.71837	40.798683
127.98334	30.895180
159.11487	38.610229
179.13612	39.094719
191.95436	31.092121
225.15717	43.506950
228.73364	30.885315
261.62399	31.109154
261.62399	31.109154
274.22192	40.149315
288.37100	39.066555
309.02582	35.877144
344.65274	33.567352
364.47467	39.480099
377.19147	29.589134
388.02057	42.050919
421.64273	40.984657
431.42877	36.782085
461.94833	29.019226
472.82907	44.137241
503.03058	39.464725
508.54724	31.913769
546.79230	45.288429
547.07129	45.283535
585.90735	42.432537
589.28253	38.084721
610.23169	30.563793
638.60980	29.476135
659.33374	25.868557
681.64417	27.025738
694.22101	30.926750
715.76605	32.709419
734.97089	35.148018
752.41125	36.213707
779.12927	28.156693
800.60583	39.798313
821.71228	31.916431
835.60681	31.197620
848.21893	28.926437
878.74689	40.893810
895.49225	29.862373
925.50732	31.577972
940.44373	32.537697
940.44373	32.537697
950.01245	27.649586
975.31360	28.477779
999.71100	32.779167
16.110779	49.563644
30.424858	63.070587
49.153507	56.034134
77.608147	58.602142
91.646416	52.408699
106.55782	67.165337
140.02536	61.683670
160.17191	54.130692
160.17191	54.130692
186.52402	52.994385
186.52402	52.994385
201.95018	63.096779
217.24022	59.980972
246.67990	46.869652
263.97479	50.926033
273.89377	59.180679
288.14130	51.350609
322.69205	56.943756
322.69205	56.943756
340.47089	45.973408
352.74481	60.622421
377.75320	47.379707
402.10806	55.656204
414.17725	56.418335
433.10886	63.776535
455.40970	61.881882
474.30731	50.969669
496.11948	47.726471
518.06494	54.595734
540.62872	49.937874
554.09088	52.707733
577.56708	54.686752
589.51544	55.830780
623.82141	54.873047
638.31976	52.959900
638.31976	52.959900
666.99591	52.657463
687.02356	55.922241
687.02356	55.922241
687.66333	56.045753
726.29333	58.732452
726.41876	58.727036
753.55414	62.344124
787.15869	66.594559
787.15869	66.594559
787.45203	66.587151
787.45203	66.587151
806.93414	46.342415
831.90839	66.510399
857.01154	46.631718
880.58734	54.658646
905.57343	50.833389
905.96295	50.822819
936.77417	67.145485
936.77417	67.145485
948.62280	67.042328
970.08771	58.521240
989.04608	60.589920
23.278458	67.293236
35.243950	65.906441
55.397911	73.050758
79.723282	69.867485
79.723282	69.867485
99.954712	78.110664
99.954712	78.110664
115.70079	74.509308
142.42580	80.476700
152.16023	77.791725
177.66451	72.327728
188.45992	70.298538
188.45992	70.298538
226.78210	76.474457
235.90417	73.476181
263.79123	76.066986
286.47192	87.221352
287.79123	69.252594
287.79123	69.252594
321.51556	78.149826
328.23886	75.351532
365.24399	80.005615
378.12518	79.211182
392.19202	77.120354
413.91473	72.122818
437.00412	68.227516
462.42953	80.938499
477.26752	75.332397
500.92303	80.615967
519.39075	81.733063
537.58905	75.173203
556.48218	77.630325
584.82806	71.913284
584.82806	71.913284
584.82806	71.913284
591.22412	80.605186
605.51068	82.549934
640.59021	69.435753
654.82129	72.106079
672.35492	68.855804
692.29626	66.610512
707.78589	86.743576
707.78589	86.743576
743.57959	85.424644
749.18335	74.029312
787.15588	66.601936
787.15588	66.601936
802.98779	78.143105
806.03717	74.429855
835.62604	76.234970
857.46637	70.769310
882.92993	68.746452
894.92169	70.583786
909.77808	72.152428
932.55621	71.560013
965.23077	72.573105
976.14655	84.242775
998.45624	82.334953
24.642303	87.859390
32.833580	97.015968
55.353592	100.41068
73.103226	102.57011
102.18954	89.484955
110.74799	87.934311
141.82495	96.895309
151.13795	92.772301
186.38435	97.707291
186.62808	97.734093
210.00117	102.83918
235.18295	93.233467
235.18295	93.233467
263.70880	91.977470
275.56488	95.615829
299.64853	102.02395
316.72977	100.89036
340.58469	95.851288
365.38538	89.447754
386.04575	106.94968
386.17184	106.88021
410.68265	104.93539
445.33627	105.23700
445.33627	105.23700
457.53949	89.972397
457.53949	89.972397
465.55157	95.003586
502.69696	97.401451
516.48352	88.277130
532.63391	103.05276
532.63391	103.05276
565.27582	89.906670
565.27582	89.906670
585.71625	88.832626
585.71625	88.832626
585.79230	88.727478
605.48181	98.650894
639.10327	106.08147
654.54877	89.239510
680.62842	102.56023
696.42389	99.099083
696.42389	99.099083
717.60010	96.615189
731.08160	102.25478
731.08160	102.25478
759.11176	97.816933
772.34674	96.745018
789.94562	99.975914
812.60797	91.575310
837.62762	96.190849
863.66229	94.161224
872.11078	86.048706
894.97339	96.335487
922.00909	94.306709
927.12469	97.170090
954.99591	99.113602
984.11932	95.412529
984.11932	95.412529
991.54297	89.887802
5.3006325	111.11295
26.051140	113.28811
26.051140	113.28811
67.051315	108.02386
73.661865	122.72104
87.293060	106.41600
115.69562	107.04271
128.68637	120.79063
153.91444	110.32185
181.40392	114.93022
203.61107	110.20492
212.79726	112.61067
230.44130	123.93919
262.85938	105.68706
278.61597	115.01558
294.01465	106.02499
312.38666	106.30828
342.35437	110.61024
365.03818	108.28761
379.20700	113.24370
390.58609	107.03320
425.18381	123.19763
434.71719	120.14749
457.59091	111.57468
486.99371	126.61076
498.00510	115.20343
523.02069	115.56128
530.38538	116.24976
554.27783	115.53505
568.16785	121.76273
605.50226	126.73323
622.38562	123.89154
639.08917	106.08049
660.34924	111.31380
678.17316	116.58522
697.76721	117.08032
721.93164	108.47794
729.11639	109.98581
747.76984	124.01086
747.76984	124.01086
779.22803	121.99622
792.03766	109.12325
807.07275	121.54538
833.67792	120.88112
853.09344	113.25375
877.98505	117.58514
903.07452	114.85758
906.65094	119.42041
930.01556	121.43573
956.03485	118.85826
980.89264	114.28972
986.87054	115.54124
15.166071	135.07115
33.492405	133.51929
65.486305	141.34581
71.514565	130.23184
106.06683	126.98309
125.32571	134.70816
129.69572	135.44528
161.78049	137.95372
168.38548	141.09183
186.06844	136.05606
209.46642	128.08421
225.86969	144.60448
263.70367	141.15027
280.95709	128.18909
295.52463	135.68347
316.59232	137.04073
344.40811	127.91414
350.31445	132.31519
367.55527	133.96991
404.30420	129.81256
426.60986	129.28084
428.58212	130.36580
446.94806	126.65016
486.44943	127.55528
487.86411	141.87439
487.86411	141.87439
519.23254	132.85396
530.68793	142.81284
553.25531	126.17583
580.27216	136.09254
605.70703	126.80122
619.00983	140.29326
640.28674	139.94469
661.14063	127.09552
672.19330	137.91223
706.63843	127.87753
706.90710	127.82559
730.10474	129.92902
763.55682	129.81512
774.42004	141.14084
803.27649	142.87917
826.40326	127.51100
826.63104	127.61610
826.63104	127.61610
861.95551	136.63263
861.95551	136.63263
873.86475	133.16957
892.87231	146.84985
915.48303	129.55060
932.95233	125.35899
951.20630	139.45398
982.16052	136.39221
982.16052	136.39221
987.03741	127.02623
21.387699	161.89096
37.399052	156.23981
46.450783	164.98228
69.082191	148.02971
87.697800	151.27087
121.68254	166.28723
146.28833	166.83826
163.34773	155.05887
181.92960	158.22398
199.30086	152.14513
217.02502	154.57446
229.08463	149.22340
250.61298	153.11040
250.61298	153.11040
265.75934	151.27118
301.31134	163.58333
327.22430	146.43898
340.74246	145.82030
366.37589	158.59744
376.94110	156.75188
392.21231	162.43965
426.15039	165.32362
426.14752	165.33247
467.05698	163.05576
480.03281	165.56621
494.73166	150.40317
525.97034	154.26419
527.70453	148.07393
554.00592	163.69339
554.00592	163.69339
574.90283	152.25317
590.31592	151.16377
618.02448	155.29189
640.98260	161.52019
658.63422	162.18423
673.18329	152.69710
696.02795	166.36740
696.02795	166.36740
726.14569	162.88655
730.38910	157.75197
757.11230	148.94202
770.79138	146.44408
799.21942	150.00764
811.27863	163.84421
846.78009	158.20663
856.28406	152.18935
856.28406	152.18935
880.18311	157.93750
897.76007	152.67882
925.49097	166.12128
925.49097	166.12128
933.21979	147.02060
953.94159	147.67522
974.52869	150.64832
995.13586	154.55098
995.13586	154.55098
19.543503	176.77243
34.427921	172.66809
50.271149	169.56313
73.793732	175.43993
89.283592	182.28008
121.11572	181.14635
138.17555	177.97119
152.59752	170.31911
172.41223	179.11810
172.41223	179.11810
192.09065	175.78630
225.50691	184.96883
240.34221	176.54884
249.22375	185.56143
282.40564	180.33765
294.99741	171.90741
306.59998	182.34782
328.18179	175.42387
328.18179	175.42387
366.17706	175.78235
382.34506	174.47058
406.73862	186.65430
426.16525	165.44299
426.15872	165.45203
460.34927	183.55011
474.13324	175.93060
503.99310	170.10956
516.14636	172.06715
531.41418	177.51799
555.33624	170.31204
582.03668	177.02063
595.05762	183.11829
609.38538	181.71017
609.38538	181.71017
626.60004	186.22789
659.27051	179.06200
684.54883	165.41624
700.29712	172.68692
708.17053	173.02266
734.41492	177.13348
734.41492	177.13348
734.41492	177.13348
754.78882	172.29344
754.78882	172.29344
765.67157	169.27144
806.64075	175.95236
807.24353	175.87102
844.15997	185.05374
859.25616	186.87248
883.40912	183.12395
891.32898	176.84010
917.94781	182.06276
926.01910	167.55937
966.06726	180.69362
976.42023	175.41862
1002.7048	182.66872
26.008339	207.07631
28.581673	203.86578
28.581673	203.86578
52.094879	199.20897
82.382660	189.73586
101.20495	202.54510
112.13118	197.06337
125.99597	185.44415
149.67679	191.33574
173.15878	200.26538
201.55128	193.33751
222.61505	193.43233
229.33528	201.70450
249.50586	188.43393
278.10400	187.77940
288.86307	203.73830
318.75867	192.27049
334.90860	196.84390
346.66696	194.02893
383.79285	199.68365
406.72714	186.69402
406.73965	186.66609
443.05258	188.26715
459.61258	189.59935
459.61258	189.59935
474.94006	194.91232
487.69876	206.38782
487.69876	206.38782
518.57117	198.27493
544.19110	191.92560
562.63293	206.88306
562.63293	206.88306
585.76648	190.83432
595.75055	188.15399
609.12677	188.51808
626.78381	187.40579
659.74078	187.41920
684.18652	196.87294
691.44769	189.92227
717.47644	187.88104
744.49133	192.09993
749.32764	188.18050
766.76941	205.43591
799.04254	190.33739
812.42542	199.15263
812.42542	199.15263
844.20520	185.25110
859.02100	187.54616
859.02100	187.54616
877.08398	197.12662
894.15955	193.12694
920.83728	189.40640
920.83728	189.40640
934.08984	188.22078
966.05573	190.65219
976.85101	195.92636
1003.9971	197.55188
1003.9971	197.55188
8.1434441	208.41913
25.681770	207.79776
66.626984	212.85275
86.694107	226.54192
94.722977	215.86047
118.94618	216.57529
118.94618	216.57529
127.90996	215.12489
154.09628	214.95238
172.40321	211.14049
204.56458	225.99002
223.13155	218.36163
223.13155	218.36163
230.06427	211.59151
263.60883	218.92206
277.12311	211.84851
287.93500	215.79869
314.05804	208.86050
314.05804	208.86050
340.35861	208.37033
340.35861	208.37033
357.97449	226.43111
378.20639	227.09825
395.56207	209.86034
407.76862	209.00131
431.10092	212.75818
456.49622	213.57532
473.86642	214.36801
487.63699	206.71118
487.63699	206.71118
523.17218	215.45456
529.47083	211.42830
559.01129	213.31839
582.28180	223.32399
594.61859	212.80087
609.04303	214.48647
646.62006	225.43547
646.62622	225.47961
676.80646	206.30772
702.13330	211.97972
702.13330	211.97972
727.14050	211.43939
737.59644	214.44087
750.56927	222.78302
767.05426	226.81482
789.67517	222.06732
808.88409	226.02832
808.88409	226.02832
827.46234	227.06438
863.63202	211.94643
863.63202	211.94643
882.14630	215.21156
894.99255	217.06119
922.91583	211.10646
942.92401	223.24335
942.92401	223.24335
946.48688	219.65588
967.41675	225.11914
967.41675	225.11914
1004.6910	219.27010
1004.6910	219.27010
17.681318	232.26698
42.153275	241.24568
42.153275	241.24568
61.710884	231.47760
82.395233	234.55043
89.486908	240.80685
89.486908	240.80685
111.52882	243.14786
144.92081	242.80730
164.07571	240.08563
178.88853	245.97769
200.28888	242.09418
222.93689	228.85791
235.10019	226.67337
250.22568	232.60103
273.13049	231.42502
306.12439	233.34537
306.12439	233.34537
306.38898	233.36436
306.38898	233.36436
341.51343	242.88425
357.95801	231.28491
357.95801	231.28491
378.33234	227.26323
396.36661	246.27737
396.36661	246.27737
408.01630	243.06058
444.88901	237.07785
444.88901	237.07785
447.99060	225.41145
482.05917	227.36166
498.12302	228.89317
526.89545	244.95685
526.89545	244.95685
527.04852	244.76959
527.04852	244.76959
564.38367	240.89410
574.41998	228.87750
587.12109	229.83456
607.55444	239.82054
644.01550	240.63765
647.15753	235.54939
686.05200	228.23174
697.68976	242.10617
708.80200	229.80144
743.15680	231.89337
760.89221	227.99725
775.57434	231.54265
793.35785	234.55293
809.33722	226.10410
809.33722	226.10410
842.93127	247.03064
853.33246	240.36343
887.07037	232.35503
887.07037	232.35503
887.25946	236.11450
923.24176	225.59488
930.74487	225.58910
946.33069	227.22548
982.38776	236.60263
1003.0865	227.75717
19.115891	259.66696
30.206879	247.43570
56.680206	261.67224
73.934349	252.09134
101.06944	246.68750
112.81477	257.92163
140.16208	261.42157
165.11298	258.10068
176.91663	251.13336
176.91663	251.13336
200.42131	254.23328
200.42131	254.23328
208.75632	249.18826
242.96011	258.51062
247.21136	257.08466
269.24631	262.82086
269.24631	262.82086
298.61411	264.84766
322.68283	248.17419
343.28088	246.17676
350.59213	246.82947
381.80206	261.19327
396.40039	246.64471
405.70245	249.30380
444.78244	251.19626
444.78244	251.19626
450.96042	261.00815
486.12057	260.14011
486.12057	260.14011
486.41891	259.97919
508.80298	253.36145
540.50824	252.31345
548.02814	255.97192
548.02814	255.97192
576.61646	251.82254
604.58917	262.17078
621.24164	257.77374
647.23987	245.50156
647.23987	245.50156
661.94550	259.38113
677.02460	252.53079
703.78455	265.61975
712.42004	265.77975
725.98450	245.37091
764.32904	247.75162
777.42474	255.13333
789.96063	262.25439
823.99634	248.95996
833.47516	254.01913
861.61224	255.25369
872.24127	251.71579
892.76410	252.35947
892.76410	252.35947
914.52478	254.90512
933.26807	253.65399
964.95477	248.31006
977.53546	252.17789
977.53546	252.17789
987.90588	252.44489
987.90588	252.44489
15.932793	278.71054
40.106583	279.52972
58.305771	271.12650
84.969475	277.42932
97.439491	276.25143
108.77905	283.22601
142.05873	271.62097
150.93005	281.98779
183.86517	276.90866
191.83752	276.97794
214.66420	284.44241
214.66420	284.44241
246.83585	272.68195
253.97610	277.86023
283.04980	286.79596
283.04980	286.79596
291.48557	275.83749
313.84348	277.68472
335.97397	280.97021
364.14752	279.83487
384.38837	273.03079
395.71805	278.37503
408.84857	285.53040
435.18527	276.04404
435.18527	276.04404
449.34879	268.28525
486.05139	276.46692
486.07999	276.51682
506.34058	278.83789
539.45392	276.69135
559.51117	274.12329
574.68835	277.83527
589.73602	275.57776
613.05481	273.63101
634.47638	270.48343
646.43799	277.68518
685.46777	266.57864
703.88623	265.73114
723.80774	283.68530
733.68622	268.11551
751.47156	267.44675
777.68945	277.46796
789.90424	282.38254
826.51563	286.58844
843.90674	271.73215
855.35797	275.71912
878.92554	276.96970
893.38397	272.51117
920.62921	272.29340
933.33002	271.82312
966.88196	280.90622
974.68842	281.42209
974.68842	281.42209
993.85187	282.75763
20.942314	301.65530
40.015961	293.23169
48.491913	295.03607
68.137520	304.46793
68.137520	304.46793
99.313698	296.53854
105.59219	293.88318
129.10443	302.20599
155.37074	289.65250
170.52734	302.19327
170.52734	302.19327
206.51329	307.11551
221.12581	292.86447
241.60803	300.86255
257.04596	285.43167
283.06976	286.80267
283.06976	286.80267
304.42978	301.81989
317.14886	298.08444
317.14886	298.08444
331.30515	287.73221
331.30515	287.73221
363.73102	304.89453
373.76614	306.82889
402.49362	285.36368
407.06131	287.60678
439.52069	292.97220
439.52069	292.97220
452.98721	303.01819
479.44196	298.11243
487.34290	288.63089
522.37445	299.01382
532.27338	290.23599
545.62238	291.06293
566.40375	303.37265
586.68750	306.15628
622.09808	290.68866
647.25665	303.13748
665.88354	306.60440
689.43433	288.87476
716.18176	299.65579
735.62500	293.39404
751.85223	290.38910
785.56793	286.81046
799.20496	291.75201
818.08856	299.53366
829.93860	288.15881
856.98145	296.02768
874.09424	295.69263
874.09424	295.69263
898.28802	288.42731
898.28802	288.42731
916.71704	292.01721
934.75226	293.01126
952.74017	292.12650
970.93121	289.07614
989.84247	302.91565
13.852352	314.75534
45.212097	312.88885
45.212097	312.88885
60.698746	318.99887
82.190430	323.96921
90.720612	322.99493
120.35114	322.60056
137.12363	323.07178
158.66216	323.25439
180.77435	322.83362
206.06862	312.70746
212.39182	312.27209
212.39182	312.27209
237.43941	307.54700
237.43941	307.54700
256.82520	319.71402
280.92728	322.72687
290.03217	322.79160
314.90240	323.03693
339.15363	322.73004
365.91495	310.80698
374.72974	309.41696
374.72974	309.41696
385.47308	313.94107
385.47308	313.94107
420.72205	305.48239
420.72205	305.48239
437.48065	308.53763
454.12012	308.63388
474.79419	305.94247
474.79419	305.94247
489.68604	315.36435
489.68604	315.36435
489.68604	315.36435
514.23492	306.18484
542.00220	320.34171
542.00220	320.34171
566.00787	319.28970
581.00696	311.73730
593.47778	316.35272
621.23462	318.54007
626.27863	323.14087
654.54767	313.80334
666.01465	308.05792
701.31219	316.00418
723.03723	321.51883
736.91290	309.61951
753.28241	314.77582
784.33246	325.16974
806.47107	326.84778
819.86511	309.37256
877.24658	310.05096
901.86487	319.72794
926.63599	314.60617
929.62524	317.79364
954.14490	306.61023
982.69110	308.81949
991.86920	312.05856
7.7566738	332.71365
27.411037	335.44391
27.411037	335.44391
66.231712	334.43719
66.300293	334.45291
93.430649	328.55167
126.68628	342.04050
126.46674	342.05627
164.29967	342.04880
174.69118	328.15314
199.22768	342.62973
217.77809	341.06210
240.04817	329.53195
240.04817	329.53195
267.10083	336.05017
267.10083	336.05017
277.23935	341.03259
277.23935	341.03259
286.00745	341.15784
323.98291	331.42715
326.99417	346.39209
357.64157	340.13794
372.09872	330.25873
404.38910	326.49817
420.95468	343.08270
435.60495	336.73593
454.03171	337.44934
478.48489	345.94424
502.14417	341.10632
512.15564	338.81381
536.84772	334.38568
565.56281	343.53113
582.20459	338.85922
589.75549	336.30966
609.56146	337.92593
629.76215	345.58734
665.77258	346.05725
665.75403	346.32504
689.02185	345.43442
712.49054	345.41602
732.61505	326.86136
760.95807	342.37231
771.58179	342.14566
797.40576	338.25623
807.88721	329.46075
835.01489	335.14026
866.97217	345.08487
874.94727	336.01093
874.94727	336.01093
896.05292	341.35489
920.64105	330.66418
940.81561	339.23346
940.81561	339.23346
954.08453	325.40024
954.08453	325.40024
954.08453	325.40024
986.68292	336.03650
997.79840	329.87506
24.170013	347.96735
30.962818	358.39456
48.555618	354.57474
76.983986	357.97449
85.874207	350.31497
107.84298	361.94543
130.38487	361.23480
151.08110	362.06525
172.84657	361.04504
195.12415	350.97467
195.12415	350.97467
209.34203	357.93365
240.67459	359.60660
255.04614	350.66315
285.36160	349.44034
285.88168	349.47202
327.01157	353.16940
327.09247	353.12408
364.31613	364.47159
366.05347	360.26346
402.68008	366.82001
424.40961	348.07019
427.53848	352.94119
447.31058	365.30899
483.25336	360.96362
501.00623	356.62943
517.98273	354.66537
529.93085	351.59552
563.25049	345.62143
563.25049	345.62143
570.76752	351.46164
601.68341	354.58432
601.68341	354.58432
611.03937	362.98160
643.11896	349.03986
657.70770	350.70218
673.63989	348.66077
699.06067	365.86935
708.59155	348.01309
708.59155	348.01309
736.00830	356.54486
736.00830	356.54486
748.74420	354.89380
774.15668	346.47290
790.08429	349.58038
806.07733	348.29730
837.11749	360.81921
865.54614	357.20441
866.50708	355.83771
897.03210	347.88696
915.07941	352.05078
934.08862	357.52789
962.82599	363.14676
967.57703	352.62912
1003.8013	354.05951
6.6377316	376.90915
35.594204	375.75705
64.787399	376.53998
64.787399	376.53998
82.904762	369.25406
88.824074	368.19037
124.09906	366.38910
144.54807	366.43121
156.55785	366.12506
167.81929	365.63614
205.18297	378.09399
222.16486	381.42438
242.06345	371.57419
257.01678	370.16425
267.59933	383.56512
267.59933	383.56512
302.02621	369.51126
302.02621	369.51126
319.93091	369.03851
331.66675	386.16443
363.45905	373.95377
385.52283	385.64221
405.84894	382.65454
405.89972	382.69272
405.89972	382.69272
442.53918	378.34189
446.73907	386.51871
482.35883	377.93930
503.63678	367.89215
516.40479	369.62735
532.85785	370.31860
546.85175	378.23480
602.51886	371.18570
619.24542	371.23788
627.11371	372.60129
654.84485	384.93066
680.94153	374.09308
688.76080	376.13211
707.72485	378.65689
734.24780	374.05197
752.92133	375.20526
779.80170	368.72372
799.08789	367.60574
822.32538	374.89832
844.12256	377.63773
844.12256	377.63773
857.79102	369.61987
871.54907	382.92242
894.38568	382.60822
908.28076	382.22208
930.13934	367.79218
961.07129	372.11786
961.07129	372.11786
967.95764	379.15341
996.58368	366.65741
23.067406	392.75137
44.207794	395.79486
55.968254	402.80402
74.645798	387.65814
89.973526	395.18765
119.14767	406.56018
141.30341	395.42627
163.34381	405.91666
168.41547	405.66745
193.69759	396.47003
218.88252	401.21524
242.83609	391.00101
242.83609	391.00101
255.29034	397.07504
271.44257	398.81332
298.98615	394.88171
323.32773	390.83945
328.89389	403.50055
363.20059	397.16406
368.45056	400.11774
394.10397	390.89529
413.89011	392.90887
445.99869	385.98386
446.95914	397.52423
475.43961	395.08505
506.34930	400.54858
506.34930	400.54858
510.87524	387.84482
510.87524	387.84482
534.07526	396.60037
561.20673	390.34320
567.91541	394.84000
592.21307	398.19388
623.08521	389.80707
644.83441	388.51624
654.52258	385.49829
673.00867	386.51431
694.99341	392.60681
711.70715	387.53583
744.77161	401.17816
751.28973	396.81879
773.91937	407.14551
804.11743	391.37167
820.18384	395.91016
835.82312	393.13474
861.15088	392.79944
861.15088	392.79944
870.11523	399.01257
892.12518	391.35693
924.22864	390.80847
925.47278	400.51242
963.02673	386.94635
968.23108	399.91309
987.02332	406.11896
23.532848	421.25412
41.307915	420.04135
45.698673	418.83041
78.663345	407.51907
78.663345	407.51907
103.29776	410.49283
119.65726	410.69888
140.65457	415.77097
140.65457	415.77097
162.00630	409.66196
174.71436	409.21838
200.22659	422.82858
206.51385	421.35117
243.53174	407.95544
262.33356	411.22787
283.76004	409.45721
283.76004	409.45721
295.10251	421.99777
307.97171	410.27802
341.57947	417.37439
360.15320	416.05054
360.15320	416.05054
368.31281	408.82281
395.93466	426.05011
395.93466	426.05011
422.73798	419.89172
426.37231	426.73010
446.21704	406.93082
471.39313	408.78204
491.68692	416.33371
505.93091	405.37793
535.95294	406.45804
557.10297	414.72018
583.44031	408.37491
596.60144	412.36871
610.10608	418.63892
637.11066	413.51913
654.88275	405.75696
677.33624	424.30945
677.33624	424.30945
706.44250	426.54880
720.35614	414.88477
720.35614	414.88477
734.29852	420.08798
760.02570	419.75995
760.02570	419.75995
772.61432	419.59595
772.61432	419.59595
799.33282	420.44171
824.82843	408.87106
842.74835	418.20670
859.29517	421.76550
866.27484	409.48334
896.08417	419.85095
920.91919	413.87015
928.14441	414.34937
951.48645	414.13751
974.80396	412.12659
989.18884	411.97800